7 0.5105078125 0.5861475409836066 0.28935937500000003 0.5393208430913349
9 0.30796874999999996 0.3297189695550351 0.042749999999999955 0.1056674473067915
9 0.937078125 0.32868852459016396 0.037406250000000085 0.10763466042154568
9 0.9021796875000001 0.4976112412177986 0.021296874999999993 0.05737704918032793
0 0.10054687500000001 0.7170374707259953 0.07 0.3186182669789228
0 0.17629687499999996 0.7313348946135831 0.05859374999999997 0.27222482435597184
0 0.6809453125 0.7133957845433256 0.073359375 0.3417798594847775
0 0.48761718749999994 0.7117213114754097 0.08264062499999997 0.35360655737704916
9 0.7198515624999999 0.5830210772833724 0.010578124999999994 0.03100702576112413
9 0.99540625 0.4648126463700234 0.009187500000000015 0.0943091334894614
0 0.9351875000000001 0.7152341920374707 0.02562500000000001 0.09285714285714286
0 0.8293359375 0.7306674473067916 0.06954687500000001 0.3290632318501171
0 0.2322578125 0.7553161592505855 0.02295312499999999 0.12131147540983611
0 0.30195312500000004 0.7199648711943794 0.06775000000000003 0.31351288056206095
0 0.25559374999999995 0.736288056206089 0.03478124999999996 0.1791803278688524
0 0.22007812499999999 0.6316861826697893 0.030187499999999978 0.07728337236533966
0 0.24069531249999998 0.676943793911007 0.008703124999999978 0.01669789227166274
0 0.14990625 0.7190749414519906 0.04681249999999998 0.30512880562060885
0 0.8885 0.7313348946135831 0.053906250000000044 0.2981264637002343
26 0.0493515625 0.7697658079625291 0.017515625 0.055831381733021046
0 0.49921875 0.6018735362997658 0.9984375 0.7915690866510539
