17 0.3210625 0.8696666666666666 0.22753124999999996 0.23820833333333347
17 0.5949374999999999 0.798875 0.07415625000000003 0.27641666666666675
17 0.7305625 0.7391979166666667 0.21706249999999994 0.22677083333333337
17 0.4243984375 0.7488541666666666 0.10829687499999996 0.14041666666666663
0 0.4291796875 0.8515625 0.05804687499999994 0.2841666666666668
0 0.49034375 0.7516666666666667 0.03375000000000006 0.14670833333333333
0 0.4569140625 0.6666770833333333 0.025703124999999993 0.03968749999999999
0 0.8313984375000001 0.7316041666666667 0.06485937500000005 0.19425000000000003
0 0.8005390625 0.7213854166666667 0.06954687500000001 0.19060416666666669
0 0.3324765625 0.6673333333333333 0.015609374999999981 0.0455416666666667
17 0.3158125 0.6690312500000001 0.013624999999999998 0.035812500000000025
