2 0.78959375 0.26458333333333334 0.4069687499999999 0.203125
2 0.573390625 0.21168749999999997 0.10225000000000006 0.10320833333333332
54 0.9050624999999999 0.43085416666666665 0.1318125 0.16445833333333332
54 0.7297265624999999 0.6306354166666666 0.14864062499999986 0.22972916666666665
54 0.826421875 0.5405416666666666 0.1007499999999999 0.09666666666666662
54 0.7853359375 0.5108541666666667 0.07792187499999992 0.06470833333333337
54 0.48803125 0.4660833333333334 0.10818750000000005 0.07883333333333337
54 0.1351328125 0.5833333333333334 0.23648437500000002 0.2950416666666667
54 0.35564843749999997 0.6164583333333333 0.216671875 0.28150000000000003
54 0.8856015625 0.6376770833333334 0.150390625 0.22693750000000001
54 0.9410234375000001 0.4473645833333333 0.11767187500000009 0.1718958333333333
2 0.042140625 0.17009375 0.07753125 0.31910416666666663
2 0.9811015625 0.27647916666666666 0.03726562500000008 0.060000000000000026
2 0.60975 0.17655208333333333 0.057062500000000016 0.027312500000000017
54 0.7441796875 0.4801770833333334 0.06964062500000001 0.06210416666666668
2 0.405 0.20941666666666667 0.38646874999999997 0.32
2 0.22991406250000002 0.11805208333333334 0.021140624999999996 0.04239583333333334
54 0.8197421875 0.39026041666666667 0.11270312500000013 0.1532708333333333
54 0.5492109374999999 0.614375 0.17489062499999997 0.2527083333333333
54 0.5 0.428125 0.996875 0.5979166666666667
