74 0.45704918032786884 0.498734375 0.06177985948477749 0.04121874999999997
13 0.8263934426229509 0.8566640624999999 0.059203747072599566 0.051640624999999996
0 0.4989929742388759 0.8569921875 0.05231850117096015 0.08557812499999995
0 0.9670023419203747 0.89353125 0.06510538641686181 0.2129375
0 0.3404566744730679 0.848828125 0.07622950819672125 0.16628124999999994
0 0.16473067915690864 0.884609375 0.21096018735362995 0.23078124999999994
0 0.10285714285714284 0.8394531249999999 0.0599063231850117 0.13534374999999998
0 0.8212880562060889 0.807984375 0.03826697892271658 0.07281249999999995
0 0.725304449648712 0.7886953125 0.023583138173302043 0.037046874999999924
0 0.2687236533957845 0.8408749999999999 0.08278688524590161 0.15906249999999988
13 0.7812060889929743 0.8408984374999999 0.05018735362997662 0.037203125000000004
13 0.04608899297423888 0.8355312499999998 0.03508196721311477 0.03618749999999993
0 0.5780444964871194 0.7874375 0.03037470725995317 0.05212500000000009
0 0.8002693208430913 0.7883203125 0.03281030444964872 0.05160937499999996
0 0.6704215456674474 0.789015625 0.03081967213114767 0.04193749999999996
13 0.9014519906323185 0.87809375 0.07377049180327866 0.0625
0 0.46734192037470723 0.79178125 0.02175644028103041 0.03662500000000013
0 0.7611943793911007 0.7797031249999999 0.04079625292740052 0.05278124999999989
0 0.5081967213114754 0.79765625 0.9789227166276346 0.08906249999999993
