1 0.16250781250000002 0.6257845433255269 0.181828125 0.17812646370023422
2 0.9501406250000001 0.44777517564402813 0.08125000000000004 0.07236533957845431
9 0.3602578125 0.22704918032786883 0.020484375 0.06641686182669787
9 0.029421875 0.25653395784543326 0.016125 0.055690866510538645
0 0.3451953125 0.5333606557377049 0.08092187499999998 0.33384074941451986
0 0.5877265624999999 0.6067447306791569 0.15292187499999998 0.534847775175644
0 0.48164062499999993 0.5484192037470726 0.08156249999999998 0.370327868852459
0 0.6806484374999999 0.6135948477751756 0.09776562499999997 0.4585714285714286
0 0.7486875 0.5761007025761125 0.10628124999999988 0.40503512880562065
0 0.65421875 0.5311241217798595 0.07046875000000008 0.3775175644028103
0 0.5431874999999999 0.5945550351288056 0.05703124999999998 0.3947306791569087
0 0.41033593749999997 0.5658665105386417 0.060703125000000024 0.41950819672131145
0 0.165515625 0.5622014051522248 0.08675 0.3967213114754098
0 0.426546875 0.6101053864168619 0.07346874999999997 0.4471896955503514
24 0.1236875 0.5181381733021078 0.012562500000000018 0.0742154566744731
27 0.487375 0.48278688524590163 0.025156250000000047 0.10655737704918034
0 0.055296875 0.44991803278688525 0.031968750000000004 0.11562060889929743
0 0.015492187499999999 0.45259953161592503 0.027078124999999998 0.110632318501171
3 0.885203125 0.62480093676815 0.22959375000000004 0.34454332552693223
0 0.0776015625 0.41324355971896953 0.019703124999999988 0.06939110070257609
24 0.14731249999999999 0.4710304449648712 0.02634375 0.08899297423887587
0 0.57578125 0.5128805620608899 0.2890625 0.32786885245901637
