0 0.25078124999999996 0.665503512880562 0.10468749999999999 0.4004683840749414
20 0.31825781249999996 0.5620374707259953 0.533203125 0.4966276346604215
0 0.88978125 0.7084543325526932 0.06740624999999989 0.38716627634660417
0 0.8447109375 0.6843091334894613 0.061640625000000115 0.4094145199063232
0 0.6829218749999999 0.6647189695550352 0.110375 0.33707259953161595
0 0.7256015625000001 0.6472248243559718 0.09792187500000005 0.3888290398126463
0 0.6810624999999999 0.514976580796253 0.03356250000000005 0.08648711943793913
0 0.6577109375000001 0.5713817330210773 0.051234375000000054 0.15747072599531625
26 0.5761562499999999 0.6145550351288057 0.021593749999999967 0.048548009367681555
0 0.7812812499999999 0.5825878220140516 0.13246875000000002 0.2580562060889931
0 0.5337734375 0.6334660421545668 0.05501562500000001 0.26585480093676817
26 0.75934375 0.7315339578454332 0.05065625000000007 0.11814988290398121
0 0.6265703125 0.6662529274004684 0.05935937499999999 0.29245901639344263
0 0.5824765625 0.4956206088992974 0.01873437499999997 0.05615925058548005
0 0.8821328125000001 0.4981615925058548 0.03945312500000009 0.05505854800936766
