32 0.7989765624999999 0.09590625 0.011953125000000009 0.02387499999999998
0 0.4513984375 0.373671875 0.07720312500000004 0.25484375000000004
0 0.36292187500000006 0.6599843750000001 0.21346875000000004 0.5797812500000001
38 0.295390625 0.4505 0.08437499999999998 0.05337499999999995
38 0.12257812500000001 0.351796875 0.0546875 0.08896875000000004
38 0.42153125 0.345546875 0.02378125000000003 0.09409374999999998
0 0.861234375 0.656171875 0.20562499999999995 0.5842812499999999
0 0.0700546875 0.4128125000000001 0.11373437500000001 0.3410000000000001
38 0.6124375000000001 0.34978125 0.04409375000000004 0.07799999999999996
38 0.7902968749999999 0.45307812500000005 0.09071874999999985 0.06109375000000006
38 0.9085703125 0.34878125 0.022703124999999935 0.09275
0 0.945 0.38270312500000003 0.08987499999999993 0.2735937500000001
32 0.30957812500000004 0.0955625 0.01418750000000002 0.028374999999999984
0 0.5618359374999999 0.411765625 0.10157812499999996 0.33640625
