0 0.48366 0.7750578034682081 0.07516000000000006 0.44988439306358385
0 0.40321 0.6827312138728324 0.036819999999999964 0.18436416184971094
0 0.11108 0.7573843930635837 0.1504 0.4703757225433526
33 0.60208 0.25815028901734105 0.12444 0.14277456647398845
33 0.07813999999999999 0.4330346820809248 0.07696 0.11658959537572255
33 0.06775 0.07598265895953757 0.13434000000000001 0.1498843930635838
33 0.2262 0.39559248554913296 0.12983999999999998 0.11488439306358378
33 0.32174 0.4233815028901734 0.133 0.21300578034682083
33 0.4932500000000001 0.3588583815028902 0.21438000000000007 0.23066473988439307
33 0.1553 0.4105202312138728 0.07367999999999998 0.07098265895953759
33 0.6325799999999999 0.5611705202312138 0.13639999999999997 0.3079479768786128
33 0.02591 0.47822254335260117 0.05182 0.11078034682080923
33 0.51576 0.29679190751445084 0.07600000000000001 0.04849710982658956
