2 0.0481796875 0.5773020833333333 0.058484375000000005 0.052145833333333336
2 0.2900390625 0.5564583333333333 0.037890624999999956 0.02154166666666668
2 0.10389062499999999 0.5731666666666667 0.048781249999999984 0.032916666666666705
9 0.798359375 0.22734375 0.028718749999999904 0.0891875
9 0.9753046875 0.19696875 0.04939062500000002 0.1429375
9 0.5379218750000001 0.47109375 0.021593749999999967 0.04152083333333334
9 0.2944375 0.4703333333333333 0.018843749999999992 0.042583333333333306
9 0.6632578124999999 0.44947916666666665 0.014140625000000018 0.03966666666666663
9 0.0861640625 0.45925000000000005 0.01854687499999999 0.042125000000000024
0 0.635515625 0.5550625 0.02603125000000006 0.07633333333333336
0 0.8244218750000001 0.5390208333333333 0.01331249999999995 0.04375000000000007
0 0.45703906250000004 0.5579166666666666 0.004984375000000041 0.02041666666666675
9 0.0857734375 0.502375 0.013890625000000004 0.027749999999999997
9 0.538453125 0.5060312499999999 0.01159375000000007 0.022562499999999985
9 0.6445624999999999 0.48320833333333335 0.013937500000000047 0.028416666666666646
9 0.9344140624999999 0.37307291666666664 0.01801562499999998 0.033145833333333374
2 0.0194765625 0.5754583333333333 0.038140625000000004 0.047958333333333325
2 0.1576171875 0.5715 0.07295312500000001 0.05704166666666666
2 0.13300781250000002 0.5548229166666667 0.018765625000000008 0.012312499999999948
