0 0.5686718749999999 0.4097300469483568 0.05703124999999998 0.26312206572769953
0 0.2886875 0.26066901408450704 0.26325 0.5213380281690141
0 0.7117421875 0.4300117370892018 0.16189062500000007 0.4547652582159623
0 0.9651875000000001 0.5966314553990609 0.06962499999999994 0.7752816901408449
36 0.716796875 0.6608450704225353 0.11803125000000003 0.09666666666666668
36 0.327 0.6203403755868544 0.07303124999999999 0.25490610328638497
0 0.6662812499999999 0.23332159624413146 0.028906250000000022 0.040446009389671356
36 0.9303984375000001 0.6649178403755869 0.039359375000000085 0.032934272300469414
0 0.95534375 0.49052816901408447 0.0893124999999999 0.37884976525821584
0 0.6255703125 0.3132042253521127 0.03351562499999994 0.21199530516431922
