3 0.7984687500000001 0.8381907090464548 0.382 0.301124694376528
26 0.7092421874999999 0.5689731051344744 0.09385937499999997 0.12821515892420543
0 0.41724218750000003 0.29852078239608804 0.052390625000000024 0.10344743276283622
0 0.6517578125000001 0.3028850855745721 0.06042187499999996 0.25911980440097804
0 0.796875 0.7324327628361857 0.15709375000000003 0.4203667481662591
0 0.8158984375 0.2521882640586797 0.05664062499999989 0.1245721271393643
0 0.8489921875 0.24797066014669925 0.026171874999999956 0.12083129584352076
0 0.5042109375000001 0.2969682151589242 0.038765625000000026 0.044009779951100225
0 0.273765625 0.32342298288508553 0.07478124999999997 0.18723716381418093
0 0.14158593749999998 0.31976772616136917 0.058890625 0.190880195599022
0 0.6944765625 0.6351344743276284 0.25764062499999996 0.3445965770171149
0 0.45764843750000006 0.27316625916870413 0.038546875000000036 0.1502933985330073
25 0.21949218750000002 0.1075916870415648 0.36251562500000006 0.17982885085574574
73 0.31676562499999994 0.5940220048899756 0.012593750000000015 0.06334963325183374
73 0.2897109375 0.5947432762836186 0.00679687499999998 0.06259168704156481
73 0.29884374999999996 0.587481662591687 0.011249999999999982 0.07393643031784836
0 0.3545625 0.30589242053789734 0.05009374999999999 0.19775061124694382
25 0.06671093750000001 0.09408312958435207 0.12423437500000002 0.17378973105134474
25 0.5301875 0.17974327628361858 0.31212500000000004 0.323398533007335
25 0.8482109375 0.0980440097799511 0.3021093749999999 0.1584352078239609
25 0.959796875 0.09220048899755501 0.08040625000000001 0.11168704156479216
25 0.4125625 0.07284841075794621 0.16843750000000002 0.11621026894865526
25 0.14314062500000002 0.06632029339853301 0.13028125000000002 0.0915158924205379
25 0.6340859375 0.07012224938875306 0.07635937500000001 0.04156479217603912
0 0.5905078125000001 0.30055012224938876 0.05114062500000005 0.11132029339853303
25 0.259953125 0.03929095354523228 0.056062500000000015 0.03349633251833741
26 0.34465625 0.3149755501222494 0.056718749999999984 0.10687041564792182
26 0.6614375 0.2962958435207824 0.035531250000000014 0.13933985330073353
73 0.307140625 0.5936308068459657 0.009343749999999984 0.06168704156479221
73 0.32639062499999993 0.5928606356968216 0.016218750000000004 0.05706601466992667
0 0.41015625 0.2713936430317848 0.7328125000000001 0.17603911980440096
