8 0.18912177985948478 0.4923671875 0.27355971896955505 0.028078125000000065
8 0.11545667447306791 0.5064921874999999 0.22782201405152222 0.02001562499999998
8 0.4109836065573771 0.5021875 0.14135831381733027 0.026562499999999933
0 0.701569086651054 0.5721015625 0.16000000000000003 0.3476406249999999
8 0.7975058548009368 0.9462578125000001 0.40498829039812645 0.10748437499999997
8 0.07098360655737707 0.4671953125 0.03241217798594849 0.010828125000000022
8 0.9449882903981265 0.5017421875 0.06903981264637005 0.029671875000000014
8 0.09005854800936769 0.467890625 0.04030444964871195 0.005843749999999981
8 0.8835480093676815 0.5589531249999999 0.23168618266978924 0.05671875000000004
8 0.0766744730679157 0.5640390625 0.15236533957845433 0.06085937500000005
8 0.5309601873536299 0.5258984375 0.12004683840749414 0.04185937500000003
8 0.8246252927400468 0.6161171875 0.3499531615925059 0.037765625000000025
8 0.3304098360655738 0.9337499999999999 0.6017564402810304 0.108375
