0 0.22940624999999998 0.5253169014084507 0.45881249999999996 0.9493661971830986
0 0.78034375 0.5720657276995305 0.4393125 0.8468544600938966
33 0.41117968749999995 0.7373004694835681 0.3523593749999999 0.5251173708920187
2 0.39825 0.3322652582159624 0.09725000000000006 0.06556338028169012
33 0.39174999999999993 0.46080985915492956 0.10249999999999998 0.1796478873239437
33 0.45847656249999996 0.48353286384976524 0.09420312500000005 0.20199530516431924
33 0.6526406250000001 0.4548474178403755 0.08865624999999999 0.09950704225352108
33 0.5265859375 0.49882629107981213 0.08970312500000005 0.21488262910798123
33 0.9138671875 0.08 0.12998437500000015 0.15530516431924882
33 0.579421875 0.458755868544601 0.09850000000000003 0.12164319248826294
33 0.981453125 0.07086854460093897 0.03575000000000006 0.14173708920187794
33 0.6699765625 0.11630281690140845 0.414359375 0.2326056338028169
26 0.259265625 0.5646244131455399 0.16312499999999996 0.3427230046948356
26 0.3687109375 0.8921948356807512 0.062484375000000036 0.21561032863849772
