62 0.08511718750000001 0.7089895833333333 0.166859375 0.3393125
60 0.7624140625 0.8628645833333333 0.475171875 0.24831250000000005
28 0.3528828125 0.72209375 0.166203125 0.11756250000000001
39 0.7979296875 0.23695833333333333 0.031265625000000075 0.0897083333333333
39 0.8181796875 0.20592708333333332 0.010609374999999921 0.024020833333333352
39 0.8259218749999999 0.23946874999999995 0.0244375 0.0883541666666666
73 0.5927265625 0.6738020833333334 0.009265625000000055 0.0696458333333333
73 0.6101015624999999 0.6754687500000001 0.009609375000000031 0.0689791666666667
73 0.603328125 0.5314062500000001 0.05487500000000001 0.09643750000000006
73 0.7794453125 0.655375 0.009109374999999975 0.08499999999999996
73 0.7672578125 0.6496875 0.02248437499999989 0.0954166666666667
73 0.766875 0.5090833333333333 0.022625000000000006 0.11987499999999995
73 0.6484062500000001 0.52921875 0.011750000000000038 0.07939583333333328
73 0.68378125 0.5147395833333334 0.022062500000000096 0.08389583333333334
73 0.5722890625 0.38660416666666664 0.02482812499999998 0.09400000000000003
73 0.5582265625 0.38744791666666667 0.024546874999999968 0.0902708333333333
73 0.6119062500000001 0.39570833333333333 0.012343749999999987 0.06816666666666665
73 0.6242890624999999 0.3899583333333333 0.01610937499999998 0.07729166666666665
75 0.7979453125 0.2368229166666667 0.03192187499999988 0.0897291666666667
75 0.7648984375000001 0.2611041666666667 0.023546874999999967 0.04762499999999997
73 0.599359375 0.39767708333333335 0.009718749999999998 0.07285416666666666
73 0.6921875 0.515625 0.375 0.5104166666666667
