2 0.7456082725060826 0.39221874999999995 0.11861313868613144 0.05115624999999996
2 0.8940389294403892 0.39956250000000004 0.20559610705596099 0.07806249999999998
2 0.45253041362530416 0.37615624999999997 0.02978102189781029 0.012812500000000004
2 0.3905717761557178 0.37303125 0.013357664233576705 0.005718749999999995
0 0.5790389294403893 0.3925625 0.15559610705596105 0.26575000000000004
0 0.15773722627737224 0.37347656250000005 0.0411192214111922 0.080484375
0 0.12261557177615572 0.36375781250000006 0.041581508515815074 0.07910937499999998
0 0.6626763990267639 0.3912109375 0.05678832116788313 0.15989062500000006
36 0.5473479318734793 0.526625 0.0815571776155718 0.021625000000000005
36 0.5036009732360097 0.40164843749999996 0.09868613138686128 0.08470312499999999
24 0.5748661800486619 0.32243750000000004 0.08340632603406328 0.05228125
2 0.48201946472019463 0.3771171875 0.036107055961070555 0.020140625000000023
2 0.49272506082725054 0.3790234375 0.028418491484184905 0.017984374999999997
2 0.4252798053527981 0.37477343750000003 0.024428223844282226 0.008734375000000016
10 0.11532846715328468 0.405609375 0.04267639902676397 0.04575000000000007
36 0.6660097323600973 0.467421875 0.04282238442822395 0.017187499999999967
0 0.3009245742092458 0.37092187499999996 0.009537712895377137 0.016312500000000008
0 0.08763990267639903 0.37884375000000003 0.04340632603406325 0.07868749999999997
2 0.7013625304136253 0.375625 0.02540145985401454 0.021625000000000005
2 0.40902676399026766 0.37315625 0.017323600973236042 0.009812500000000002
2 0.4606082725060827 0.36603125000000003 0.026472019464720165 0.008218749999999997
