39 0.5051796875000001 0.33765625 0.009828124999999965 0.03043749999999995
39 0.532109375 0.4131354166666667 0.007875000000000076 0.03960416666666666
7 0.13989062500000002 0.28202083333333333 0.27640625 0.41125
0 0.35554687500000004 0.36748958333333337 0.24746874999999996 0.5840625000000002
0 0.5964140625 0.36726041666666664 0.11917187499999993 0.24335416666666665
46 0.5696640625 0.9067395833333334 0.13145312500000006 0.18652083333333325
46 0.11713281249999999 0.8810520833333333 0.14664062499999997 0.19327083333333328
46 0.272109375 0.8909895833333333 0.1881875 0.18127083333333327
46 0.44149218749999997 0.8835729166666666 0.08510937499999993 0.1371041666666667
46 0.44940625 0.8370208333333333 0.09881249999999997 0.12370833333333331
46 0.335296875 0.9413333333333334 0.19059375 0.0894166666666667
46 0.398875 0.8545208333333334 0.030343750000000058 0.15049999999999997
46 0.37012500000000004 0.8540000000000001 0.04203125000000002 0.1575833333333333
49 0.12175781249999999 0.5846979166666666 0.041640625000000014 0.04585416666666664
49 0.124828125 0.5026458333333333 0.24965625 0.24195833333333333
2 0.6976484375 0.3941145833333334 0.604703125 0.4823541666666667
46 0.32946093750000005 0.7758333333333333 0.08670312500000005 0.09770833333333329
46 0.3326484375 0.9904479166666667 0.193703125 0.0191041666666667
7 0.6969453125 0.37570833333333337 0.606109375 0.4823333333333334
