0 0.7869062499999999 0.3717604166666667 0.17456250000000006 0.2873541666666668
41 0.31660937499999997 0.5234479166666667 0.05984374999999997 0.16393750000000007
53 0.42135156250000005 0.35281250000000003 0.14157812500000005 0.36854166666666666
53 0.744109375 0.7925937500000001 0.50953125 0.38789583333333333
53 0.2426953125 0.8662916666666667 0.482015625 0.23595833333333327
53 0.273875 0.6797708333333333 0.54775 0.20450000000000013
0 0.890109375 0.3721145833333333 0.09465625 0.14852083333333332
0 0.262078125 0.3426979166666667 0.07921875 0.32135416666666666
41 0.1755546875 0.5476666666666667 0.07014062500000001 0.17800000000000005
41 0.9509687499999999 0.42636458333333327 0.029156249999999995 0.049187499999999995
41 0.9807187500000001 0.48568749999999994 0.03181250000000002 0.04762499999999997
41 0.8754843750000001 0.45086458333333335 0.033937499999999954 0.09152083333333333
62 0.175703125 0.11764583333333334 0.047687499999999994 0.04304166666666666
67 0.086 0.52175 0.09771875000000001 0.05745833333333339
74 0.5659687499999999 0.5699375 0.013187500000000019 0.017583333333333395
74 0.9709218749999999 0.14594791666666668 0.05815625000000002 0.08577083333333332
74 0.6784296875 0.33620833333333333 0.06939062500000004 0.11104166666666665
0 0.5085546875 0.3676666666666667 0.37245312499999994 0.45741666666666664
0 0.0783671875 0.42359375 0.156734375 0.4921458333333333
0 0.09342187500000002 0.33609375 0.09775000000000002 0.3302708333333334
41 0.9100937500000001 0.44096875 0.030781250000000093 0.08056249999999998
56 0.26334375 0.47232291666666665 0.06665625000000003 0.26731249999999995
56 0.79715625 0.5486875 0.20637499999999998 0.16724999999999995
56 0.4105 0.54121875 0.07418749999999996 0.0998958333333333
60 0.945921875 0.5094166666666666 0.10815625000000006 0.11099999999999999
