34 0.1293046875 0.33602352941176467 0.127546875 0.0389176470588235
35 0.5077109375 0.542329411764706 0.059734375000000006 0.058211764705882296
0 0.281921875 0.48339999999999994 0.20784375 0.4627999999999999
0 0.6194609375 0.5694588235294118 0.28614062500000004 0.30051764705882356
0 0.7919375 0.5215176470588235 0.16434375000000012 0.3863764705882353
0 0.7941328125 0.33654117647058823 0.05170312499999996 0.12367058823529409
0 0.5145625 0.3421176470588235 0.08187499999999998 0.07651764705882352
0 0.692421875 0.04045882352941176 0.02387499999999987 0.06741176470588235
0 0.1760703125 0.2836117647058824 0.044265624999999975 0.11475294117647064
0 0.42486718749999997 0.30556470588235296 0.07895312500000001 0.13108235294117646
56 0.8580390625000001 0.04454117647058824 0.08570312499999999 0.06310588235294118
56 0.635875 0.03743529411764706 0.10068749999999993 0.06456470588235295
56 0.5079296875 0.05438823529411764 0.06223437500000001 0.02421176470588235
0 0.384046875 0.03256470588235294 0.202625 0.06512941176470588
0 0.8894843749999999 0.32330588235294117 0.0695 0.15160000000000004
0 0.2753203125 0.28084705882352945 0.04273437499999999 0.09002352941176475
0 0.204546875 0.028658823529411764 0.051124999999999976 0.05731764705882353
56 0.5810625 0.024858823529411767 0.05787500000000012 0.041247058823529414
56 0.46887500000000004 0.022305882352941175 0.04887500000000006 0.03976470588235294
56 0.5232734375 0.027188235294117645 0.060921875000000014 0.046235294117647055
56 0.9279296874999999 0.04414117647058823 0.07135937499999989 0.06395294117647059
0 0.7811953125 0.3026470588235294 0.05585937499999993 0.09362352941176472
56 0.98146875 0.030400000000000003 0.0370625 0.049317647058823535
0 0.38046875 0.4823529411764706 0.7609375 0.9647058823529412
