0 0.24675781249999998 0.29613541666666665 0.08585937500000002 0.12214583333333334
49 0.7714765625 0.19060416666666666 0.018703125000000043 0.02466666666666667
49 0.7824453124999999 0.22638541666666667 0.020078125000000058 0.02735416666666665
49 0.7579921875 0.17610416666666667 0.020109374999999985 0.02291666666666667
49 0.7751250000000001 0.1654375 0.02199999999999991 0.025708333333333333
49 0.7779375 0.14559375000000002 0.01778124999999997 0.02435416666666665
49 0.7622109375 0.15573958333333335 0.017796874999999934 0.020229166666666687
49 0.7843281249999999 0.20245833333333335 0.01878124999999997 0.024583333333333318
49 0.7644843749999999 0.13003125000000001 0.01721874999999995 0.03243750000000001
49 0.7715 0.17644791666666665 0.05003124999999997 0.12643749999999998
0 0.7396093749999999 0.22564583333333332 0.07628124999999997 0.16237500000000002
0 0.5589453124999999 0.34985416666666663 0.019234375000000026 0.031166666666666676
46 0.43950781250000004 0.5404374999999999 0.022265624999999956 0.04583333333333328
46 0.6761874999999999 0.5766145833333334 0.17162499999999992 0.1645625
46 0.6931953125 0.6882916666666667 0.13401562499999997 0.23320833333333335
46 0.8691328125 0.5871979166666667 0.17685937499999993 0.15122916666666653
46 0.8900234374999999 0.6366041666666666 0.126765625 0.1645833333333333
46 0.4908984375 0.526375 0.050609374999999956 0.10191666666666671
46 0.44270312500000003 0.53178125 0.19506250000000003 0.14456249999999993
0 0.6273124999999999 0.28685416666666663 0.027468750000000042 0.037750000000000006
0 0.030898437499999997 0.4972916666666667 0.061796874999999994 0.11783333333333346
0 0.10642187500000001 0.8299583333333334 0.20946875 0.2117083333333334
46 0.41778125 0.6791666666666667 0.24675000000000002 0.2622916666666667
47 0.6817734375 0.32767708333333334 0.024609375000000044 0.022729166666666634
47 0.7771171875 0.3113125 0.09276562499999985 0.05299999999999999
47 0.6546171875 0.3258333333333333 0.038328125000000046 0.02899999999999997
