18 0.272703125 0.4108314087759815 0.54540625 0.5204618937644342
18 0.5888906250000001 0.49033487297921474 0.07721875 0.09009237875288684
18 0.6714140625 0.6022863741339493 0.14279687500000005 0.06789838337182441
18 0.9485078125 0.5505658198614318 0.1029843749999999 0.17078521939953817
18 0.676671875 0.6297228637413395 0.36912500000000015 0.21053117782909936
18 0.658015625 0.5329792147806005 0.11078125000000005 0.09630484988452653
18 0.698609375 0.5029792147806005 0.06712499999999988 0.06318706697459592
18 0.8641796875000001 0.5707621247113164 0.23607812500000003 0.18771362586605078
18 0.6230312499999999 0.5578290993071594 0.07150000000000001 0.03921478060046191
18 0.7267421875 0.5051501154734411 0.047921875000000114 0.07672055427251734
7 0.9486328125 0.44996535796766746 0.10273437500000004 0.24690531177829095
18 0.8402265624999998 0.4844688221709007 0.028796874999999944 0.03230946882217095
18 0.5046171875 0.4762355658198615 0.037484375000000014 0.023787528868360275
18 0.8781093750000002 0.5070438799076212 0.03803125000000007 0.07487297921478059
18 0.65859375 0.47459584295612006 0.2734375 0.0808314087759815
