2 0.06346875 0.7017451523545707 0.039218750000000004 0.03855955678670364
3 0.9417734375000002 0.7916066481994459 0.045421875000000056 0.14542936288088648
5 0.2744296875 0.6303324099722991 0.262390625 0.5011080332409973
26 0.6613515624999999 0.7263573407202217 0.032828124999999986 0.08695290858725768
0 0.69834375 0.7736703601108034 0.038968749999999996 0.26728531855955673
0 0.6672031250000001 0.7749445983379502 0.05321874999999998 0.29398891966759
0 0.8211875000000001 0.7756925207756233 0.049250000000000016 0.2727146814404432
0 0.44551562499999997 0.7497506925207755 0.030062500000000048 0.1795567867036011
0 0.8610078125000001 0.7917174515235457 0.051078125000000085 0.3034349030470913
0 0.861921875 0.8166620498614958 0.0659375000000001 0.28889196675900275
0 0.27945312499999997 0.6534626038781164 0.05234374999999997 0.07495844875346258
0 0.548359375 0.7525069252077562 0.041031250000000075 0.22573407202216056
0 0.5878984375 0.7174515235457064 0.03248437500000012 0.12426592797783942
0 0.5110546875 0.735 0.026109374999999935 0.15149584487534629
0 0.465984375 0.7331994459833795 0.016750000000000043 0.13808864265927978
24 0.558890625 0.7084072022160665 0.022093750000000023 0.07664819944598333
2 0.025265625 0.719819944598338 0.04681250000000001 0.06313019390581709
2 0.0203125 0.6885180055401663 0.040625 0.05160664819944605
0 0.5304843749999999 0.6639196675900276 0.016156249999999983 0.029889196675900176
0 0.485703125 0.736786703601108 0.034093750000000034 0.1790027700831024
0 0.48124999999999996 0.739612188365651 0.190625 0.22714681440443207
