32 0.42274218750000003 0.6392454954954954 0.025796874999999997 0.04074324324324319
0 0.23359375 0.6373873873873874 0.2734375 0.5518018018018018
0 0.5182187500000001 0.39692567567567566 0.04278124999999999 0.13605855855855853
0 0.683171875 0.3807207207207207 0.022968749999999982 0.10463963963963968
0 0.703328125 0.36431306306306305 0.015593750000000073 0.04704954954954954
0 0.162796875 0.4086036036036036 0.042624999999999996 0.17765765765765767
0 0.12617187500000002 0.42227477477477476 0.03243750000000001 0.18301801801801798
34 0.34401562500000005 0.6639301801801802 0.041937500000000016 0.17889639639639643
0 0.925703125 0.3720045045045045 0.01578125000000008 0.06171171171171175
0 0.27867968750000005 0.37263513513513513 0.02985937500000002 0.0876126126126126
0 0.9577578125 0.36950450450450445 0.006578125000000101 0.026261261261261215
0 0.8912031250000001 0.37788288288288285 0.012656250000000036 0.03963963963963968
0 0.59853125 0.3755968468468469 0.01418750000000002 0.04628378378378378
0 0.3495625 0.37810810810810813 0.016593749999999963 0.055855855855855896
35 0.5248046875 0.40968468468468466 0.013671875 0.01851351351351349
0 0.8661328125000001 0.37493243243243246 0.023984375000000058 0.03382882882882887
0 0.9125 0.8614864864864864 0.018750000000000044 0.024774774774774744
