56 0.279421875 0.6589812646370024 0.05059374999999999 0.16100702576112413
56 0.29471875000000003 0.5980679156908665 0.049750000000000016 0.08381733021077276
56 0.4248984375 0.6034543325526933 0.079078125 0.10559718969555043
57 0.1150078125 0.8076346604215456 0.230015625 0.3618735362997657
57 0.804171875 0.8008079625292741 0.39165625000000004 0.31683840749414516
27 0.49985156249999996 0.5535011709601874 0.003734375000000012 0.014871194379391106
41 0.3382890625 0.7437939110070257 0.020140624999999968 0.021311475409836134
0 0.16439062499999998 0.6962060889929742 0.17828125 0.28318501170960186
0 0.24297656250000002 0.6462997658079626 0.10129687500000001 0.20988290398126452
0 0.501359375 0.567096018735363 0.058031250000000034 0.12028103044496485
0 0.5790781250000001 0.5888524590163935 0.05328125000000006 0.17142857142857149
0 0.670765625 0.5080327868852459 0.028718749999999904 0.21227166276346598
0 0.9280468749999999 0.767423887587822 0.14390625 0.3932552693208431
0 0.9797031250000001 0.3952341920374707 0.035656250000000056 0.18943793911007023
26 0.155296875 0.7367915690866511 0.07515624999999998 0.043887587822014074
26 0.60165625 0.5779274004683841 0.03825000000000012 0.07843091334894614
60 0.2818671875 0.8701990632318501 0.218890625 0.2596018735362998
67 0.1325546875 0.6127400468384074 0.004453125000000002 0.014519906323185006
73 0.2434765625 0.6668969555035129 0.016046875000000016 0.053559718969555026
75 0.22174218749999997 0.5344730679156908 0.015140624999999991 0.0596252927400468
0 0.781734375 0.3662177985948478 0.03200000000000003 0.18555035128805625
0 0.8853515625000001 0.38433255269320843 0.030640625000000088 0.2568618266978922
0 0.7490078124999999 0.543360655737705 0.03217187499999996 0.19711943793911013
56 0.6003046875 0.6266276346604216 0.046015625000000004 0.109648711943794
56 0.3449609375 0.6449765807962529 0.06385937500000005 0.07304449648711941
