0 0.4242578125 0.6780650154798762 0.05479687499999997 0.10733746130030963
37 0.44285937500000006 0.743157894736842 0.06684375000000009 0.015294117647058791
0 0.47350000000000003 0.03708978328173375 0.023812500000000014 0.0696594427244582
0 0.5867500000000001 0.025773993808049536 0.011874999999999969 0.05117647058823529
0 0.4561953125 0.05077399380804953 0.009703124999999924 0.025015479876160984
0 0.435296875 0.03273993808049536 0.014625000000000055 0.06547987616099071
0 0.4788984375 0.027058823529411767 0.010984374999999935 0.02538699690402477
0 0.6053515625000001 0.02613003095975232 0.018390624999999994 0.05226006191950464
0 0.6335 0.03137770897832817 0.011093750000000013 0.03613003095975232
0 0.27949999999999997 0.037492260061919504 0.017374999999999974 0.07337461300309599
