34 0.1535625 0.7573645833333332 0.016968749999999977 0.10006249999999994
35 0.469265625 0.7080416666666667 0.05131249999999998 0.027750000000000052
0 0.2847421875 0.15713541666666667 0.109015625 0.13985416666666667
0 0.18074218749999998 0.6542812499999999 0.277015625 0.5473125
0 0.540359375 0.7055208333333334 0.19734375000000004 0.38245833333333346
0 0.6817421875 0.6617916666666667 0.24439062499999997 0.5685416666666667
0 0.959359375 0.16911458333333332 0.08128124999999997 0.28206249999999994
0 0.8359531250000001 0.2492083333333333 0.12668750000000006 0.13445833333333332
0 0.77134375 0.06591666666666667 0.061843750000000086 0.08045833333333333
0 0.3795859375 0.15215625 0.08664062500000003 0.13514583333333335
0 0.4718203125 0.17681249999999998 0.07782812499999997 0.16933333333333334
0 0.7366015625 0.21276041666666667 0.10348437499999996 0.17143750000000002
13 0.7952812499999999 0.2512291666666666 0.27171875 0.12704166666666666
13 0.6901953125 0.15517708333333335 0.060171874999999986 0.040854166666666664
0 0.528203125 0.20320833333333332 0.06818750000000001 0.13245833333333326
0 0.06639843749999999 0.10639583333333333 0.09679687499999999 0.15833333333333333
13 0.35255468749999996 0.1691666666666667 0.014859374999999952 0.04708333333333334
35 0.4725703125 0.74340625 0.063640625 0.06102083333333341
0 0.5983046875 0.20005208333333335 0.08326562500000012 0.13993750000000005
0 0.50703125 0.12604166666666666 0.7890625 0.2520833333333333
