0 0.2442 0.59234375 0.4884 0.79278125
0 0.8688588235294117 0.537078125 0.2622823529411765 0.5932499999999998
0 0.7291529411764706 0.364296875 0.10009411764705878 0.13809375000000002
0 0.7736705882352941 0.4261640625 0.13119999999999998 0.18070312500000008
26 0.48468235294117645 0.6186328125 0.1031058823529411 0.15160937500000005
26 0.8916823529411765 0.7760312500000001 0.15903529411764694 0.41571875000000014
0 0.6636117647058823 0.6317265624999999 0.14411764705882346 0.618015625
24 0.22881176470588235 0.8363671875 0.4498117647058823 0.301296875
67 0.5437529411764706 0.40914062500000004 0.0680235294117646 0.132125
0 0.5260705882352941 0.5787812499999999 0.5358588235294117 0.8207812499999999
