0 0.7476328124999999 0.5267083333333333 0.062359374999999995 0.17312499999999997
0 0.8168203125 0.48262499999999997 0.008640624999999957 0.037624999999999964
0 0.981 0.49058333333333337 0.011531249999999993 0.04670833333333335
0 0.8033671875 0.49239583333333337 0.008046875000000009 0.026458333333333306
0 0.1167734375 0.5013645833333333 0.009265624999999986 0.03172916666666664
0 0.8258359375000001 0.4701354166666667 0.00210937500000008 0.00585416666666666
0 0.1828515625 0.4990416666666666 0.00932812500000002 0.03291666666666665
2 0.5557421875 0.7252291666666666 0.570953125 0.2972916666666666
33 0.5518906250000001 0.43867708333333333 0.24056250000000007 0.24293750000000003
33 0.7690390625 0.3290729166666667 0.016515625000000034 0.019520833333333376
33 0.917703125 0.08864583333333334 0.025656249999999936 0.04158333333333333
0 0.99421875 0.48907291666666663 0.01156249999999992 0.05347916666666658
33 0.929578125 0.3631979166666667 0.04312500000000008 0.029895833333333288
33 0.7378515625 0.41019791666666666 0.027515625000000044 0.027520833333333328
33 0.8157265625000001 0.43799999999999994 0.016953125000000013 0.038624999999999965
33 0.460953125 0.2011041666666667 0.28853125 0.24616666666666667
33 0.8753671875 0.3383333333333333 0.027671875000000123 0.03937500000000005
33 0.79078125 0.42900000000000005 0.015687500000000076 0.01583333333333331
33 0.8202499999999999 0.41263541666666664 0.020031250000000056 0.022229166666666633
33 0.7499453125000001 0.27759375 0.023015624999999984 0.011895833333333328
33 0.7391953125 0.3885416666666667 0.02682812499999998 0.0194583333333333
33 0.839203125 0.3961145833333333 0.01953125 0.020854166666666618
0 0.170359375 0.5038541666666667 0.007624999999999993 0.022041666666666737
0 0.9182578125 0.46981249999999997 0.004453125000000058 0.015083333333333337
0 0.9293046875 0.4698333333333333 0.005328125000000017 0.012458333333333349
33 0.61953125 0.309375 0.7578125 0.5229166666666666
