62 0.6915078125 0.41408878504672897 0.128234375 0.12369158878504671
57 0.22965625 0.49837616822429903 0.45065625 0.2807710280373831
56 0.41275000000000006 0.794626168224299 0.3279062500000001 0.4107476635514019
56 0.1687578125 0.7045443925233645 0.20748437499999997 0.21871495327102808
56 0.8557109375 0.519964953271028 0.17832812500000006 0.2645093457943925
73 0.554546875 0.435677570093458 0.012687500000000074 0.06523364485981314
73 0.5715078124999999 0.4398130841121496 0.05385937500000004 0.0648598130841121
73 0.5524765625 0.3596144859813084 0.008734374999999961 0.04525700934579441
73 0.5465859375000001 0.43780373831775704 0.009078125000000048 0.05831775700934583
41 0.5256875000000001 0.5530373831775701 0.029000000000000026 0.05093457943925239
58 0.0658515625 0.39848130841121493 0.06348437500000001 0.0592056074766355
73 0.5639609375000001 0.3656191588785047 0.019546874999999964 0.03679906542056077
73 0.22554687500000004 0.6056542056074766 0.10256250000000003 0.050794392523364484
73 0.42095312500000004 0.4399883177570093 0.03175 0.03707943925233642
24 0.791890625 0.6442757009345794 0.07981250000000006 0.08785046728971968
