25 0.6547395833333333 0.4375703125 0.6771041666666666 0.32885937499999995
25 0.42432291666666666 0.44420312500000003 0.2951041666666667 0.06074999999999997
25 0.4197604166666667 0.47634375000000007 0.29947916666666663 0.1256250000000001
56 0.4959166666666667 0.6038828125 0.420125 0.14951562500000004
56 0.5006354166666667 0.6359062499999999 0.46206250000000004 0.16390625000000003
56 0.5468125 0.761796875 0.6681666666666668 0.33259375
56 0.3097916666666667 0.46331249999999996 0.06070833333333331 0.02559374999999997
56 0.5219479166666666 0.6653359375000001 0.5734791666666665 0.188171875
56 0.37526041666666665 0.51134375 0.16493749999999996 0.07793749999999999
56 0.3735 0.5163515625 0.1629166666666666 0.07742187500000003
56 0.2755416666666667 0.45271875 0.03799999999999998 0.02053125
25 0.5928958333333334 0.4273359375 0.08449999999999991 0.013859375000000007
13 0.4935520833333334 0.6035078125 0.40589583333333346 0.13307812500000005
13 0.3725104166666667 0.5144765625 0.16731249999999998 0.07479687500000004
13 0.3259270833333333 0.475875 0.08802083333333333 0.04046874999999994
13 0.49106249999999996 0.60346875 0.40333333333333327 0.13306249999999997
13 0.27461458333333333 0.4508046875 0.042395833333333355 0.019640624999999967
56 0.5826562499999999 0.4558203125 0.04077083333333331 0.016078125000000054
56 0.32635416666666667 0.4766796874999999 0.08750000000000002 0.040578124999999965
56 0.301125 0.45299218750000003 0.03083333333333338 0.018515625000000036
56 0.5572916666666666 0.70390625 0.70625 0.4390625
