38 0.222576112412178 0.7042499999999999 0.445152224824356 0.24124999999999996
0 0.5592388758782202 0.66321875 0.5833957845433255 0.6735625000000001
0 0.4121662763466042 0.235375 0.19271662763466035 0.161
0 0.8336182669789227 0.2516875 0.198711943793911 0.15731250000000005
0 0.7365105386416861 0.23135937499999998 0.0956440281030444 0.16690625
0 0.17669789227166274 0.243953125 0.2375175644028103 0.15553125
0 0.7409953161592506 0.1363984375 0.18189695550351292 0.188765625
0 0.49220140515222477 0.09128906249999999 0.20393442622950814 0.18257812499999998
0 0.31462529274004686 0.08975781249999999 0.172576112412178 0.125484375
0 0.6113231850117096 0.22696093750000004 0.20545667447306792 0.18426562500000004
0 0.5326346604215457 0.1454296875 0.138056206088993 0.188453125
0 0.1285128805620609 0.182625 0.2451288056206089 0.19184375000000004
0 0.49858313817330213 0.091203125 0.12676814988290402 0.1365
0 0.3565690866510538 0.17671875 0.19182669789227164 0.18112500000000004
