0 0.34464843749999996 0.561792656587473 0.315390625 0.7955075593952483
0 0.7169375 0.3595464362850972 0.5072187499999999 0.7146004319654429
0 0.05933593750000001 0.4569222462203023 0.11542187500000002 0.7393304535637149
0 0.1631640625 0.0934341252699784 0.079703125 0.118963282937365
0 0.3865 0.12912526997840174 0.08365624999999999 0.15419006479481642
0 0.2507265625 0.09718142548596112 0.087328125 0.14818574514038874
34 0.21395312499999997 0.5774838012958963 0.19756249999999997 0.19933045356371493
56 0.159109375 0.4238012958963283 0.07712499999999999 0.09585313174946003
0 0.5903046875 0.33953563714902807 0.09392187500000004 0.22719222462203023
0 0.6842265624999999 0.2733369330453564 0.05489062499999997 0.07034557235421171
0 0.4425234375 0.09739740820734341 0.10710937500000006 0.1896112311015119
56 0.29984374999999996 0.13973002159827214 0.029937500000000006 0.04136069114470842
56 0.4968984375 0.167267818574514 0.03957812499999991 0.018164146868250547
0 0.22625 0.36923326133909284 0.07646875 0.20524838012958962
0 0.282984375 0.24082073434125273 0.05234375000000002 0.10591792656587476
0 0.9509999999999998 0.2682613390928726 0.06862499999999994 0.243390928725702
0 0.5173593750000001 0.20426565874730018 0.07946875000000003 0.14529157667386605
0 0.5 0.23434125269978404 0.996875 0.46436285097192226
