5 0.6424375 0.4202230046948357 0.4292812499999999 0.31908450704225355
0 0.9141171874999999 0.5787323943661972 0.1507343750000001 0.8161502347417839
0 0.18331250000000002 0.586338028169014 0.15325000000000005 0.7178403755868544
0 0.274984375 0.48323943661971824 0.04496875 0.31417840375586853
0 0.8054375 0.5225352112676057 0.044625000000000026 0.18774647887323953
0 0.76859375 0.534718309859155 0.03128124999999993 0.22178403755868553
0 0.6899375 0.5134154929577465 0.05412499999999998 0.16861502347417834
0 0.6561015625000001 0.47650234741784037 0.026359374999999963 0.1566197183098592
20 0.5257656249999999 0.5754342723004695 0.44124999999999986 0.49438967136150247
0 0.5666796875 0.6576525821596244 0.06595312500000006 0.2499999999999999
0 0.63690625 0.5094718309859155 0.02634375000000011 0.1937323943661972
0 0.24447656250000005 0.44988262910798127 0.023953125000000047 0.12338028169014087
0 0.28351562500000005 0.29147887323943666 0.020937499999999998 0.06544600938967138
0 0.07685937500000001 0.6085211267605634 0.14718750000000003 0.751830985915493
0 0.23294531249999995 0.41938967136150235 0.019359374999999984 0.08018779342723004
0 0.6296875 0.5187793427230046 0.7375 0.3708920187793427
