0 0.1912890625 0.6977604166666667 0.16348437500000002 0.5820208333333334
30 0.746953125 0.9264791666666667 0.15184375000000006 0.09420833333333345
30 0.63040625 0.9585104166666667 0.13006249999999997 0.0829791666666666
30 0.3408125 0.9601145833333333 0.08596875000000004 0.07977083333333335
0 0.326125 0.7157291666666666 0.11628125 0.5280833333333332
0 0.84059375 0.8098333333333333 0.2190937500000001 0.359
0 0.71759375 0.7234479166666667 0.10925000000000007 0.3950625
0 0.4346796875 0.7052291666666666 0.12726562500000005 0.5276666666666666
0 0.6166640625 0.7691354166666667 0.10370312500000001 0.4370208333333334
30 0.492578125 0.9754166666666666 0.09609375000000003 0.04916666666666669
30 0.8841953124999999 0.9781875 0.16098437499999996 0.04349999999999998
