0 0.20164843749999997 0.6809016393442623 0.10045312499999998 0.3640515222482436
0 0.5071718749999999 0.6582786885245901 0.14318749999999997 0.3492505854800936
0 0.6616171874999999 0.47460187353629973 0.05401562500000001 0.13435597189695547
0 0.2511328125 0.3678454332552693 0.09145312500000002 0.11236533957845435
0 0.76284375 0.6489812646370023 0.19887500000000002 0.7020374707259953
0 0.1930078125 0.3778922716627635 0.04551562500000003 0.16665105386416862
13 0.72175 0.7364168618266979 0.5565 0.27362997658079635
37 0.48489062499999996 0.7989695550351288 0.13884375000000004 0.16960187353629985
56 0.22150781249999998 0.41807962529274 0.12007812499999998 0.18388758782201403
8 0.5 0.4996487119437939 1.0 0.9992974238875878
37 0.706703125 0.9169555035128805 0.20487500000000003 0.16608899297423896
37 0.202078125 0.8546955503512881 0.10775000000000001 0.2139812646370024
37 0.6902265625 0.5002459016393442 0.013859375000000007 0.017213114754098313
37 0.6957734375 0.49313817330210774 0.012578125000000107 0.011990632318501226
31 0.4859765625 0.8018149882903981 0.14167187500000006 0.1786182669789227
31 0.70603125 0.9196838407494146 0.20462500000000006 0.16063231850117088
