1 0.5946838407494145 0.8791718749999999 0.04810304449648717 0.06403124999999998
2 0.4763817330210773 0.881375 0.10822014051522244 0.06637499999999996
0 0.3044145199063232 0.8552265625 0.02400468384074944 0.05392187500000001
0 0.25813817330210775 0.8485546875000001 0.02316159250585484 0.04523437500000016
0 0.23562060889929742 0.8513671875 0.02969555035128804 0.0432031249999999
0 0.21522248243559716 0.846078125 0.020655737704918048 0.044875
12 0.0751288056206089 0.8876015625 0.04051522248243561 0.05954687500000011
0 0.12257611241217799 0.829125 0.018313817330210785 0.021156249999999988
0 0.3279742388758782 0.8630156250000001 0.037119437939110045 0.07343750000000004
0 0.5504566744730679 0.8665234375000002 0.0377751756440281 0.06210937500000002
0 0.9796135831381733 0.87425 0.04077283372365348 0.09890624999999997
0 0.1405737704918033 0.8419921875 0.022084309133489494 0.042703125000000064
0 0.08429742388758782 0.8395390624999999 0.01899297423887586 0.03954687499999998
12 0.7326932084309133 0.8654296875 0.015550351288056152 0.027484375000000116
12 0.5942037470725995 0.8578671875 0.011967213114754127 0.019796874999999936
12 0.9891569086651054 0.8750390625 0.021030444964871275 0.0290156250000001
12 0.13526932084309135 0.8413125 0.010960187353629969 0.01418750000000002
0 0.06165105386416862 0.8393984375 0.016276346604215453 0.038796875000000064
0 0.27837236533957843 0.8504687500000001 0.014683840749414478 0.042906250000000146
2 0.02088992974238876 0.8460468750000001 0.04177985948477752 0.04306249999999989
0 0.03365339578454333 0.83053125 0.01672131147540984 0.020499999999999963
12 0.39055035128805626 0.941265625 0.06278688524590165 0.09431250000000002
0 0.18266978922716628 0.83125 0.1826697892271663 0.078125
