0 0.40496875 0.5916121495327104 0.30915625 0.6249532710280374
0 0.7964921875000001 0.22290887850467292 0.07214062500000007 0.36628504672897205
0 0.18860156250000001 0.7674182242990655 0.374203125 0.2179672897196262
0 0.9005 0.5842757009345794 0.19900000000000007 0.7999999999999999
0 0.4956093749999999 0.20494158878504676 0.06478124999999996 0.3015186915887851
0 0.3645390625 0.084053738317757 0.037484375000000014 0.05249999999999999
0 0.26466406249999996 0.0794392523364486 0.02417187500000001 0.061308411214953264
0 0.16907812500000002 0.09598130841121495 0.04550000000000001 0.061495327102803726
35 0.282921875 0.6789719626168225 0.07759374999999999 0.10392523364485984
35 0.8108124999999999 0.2336214953271028 0.03640624999999997 0.056028037383177604
0 0.3271562499999999 0.1616822429906542 0.07653125 0.17411214953271026
0 0.40659375 0.09380841121495326 0.06540625 0.07803738317757009
0 0.569703125 0.0970911214953271 0.038812499999999917 0.07824766355140186
0 0.8992421875 0.13503504672897196 0.0417343750000001 0.08455607476635513
0 0.192234375 0.26828271028037387 0.029812499999999992 0.052079439252336435
0 0.5 0.17289719626168223 0.996875 0.34579439252336447
