1 0.782421875 0.9203271028037383 0.12296875000000007 0.1593457943925234
36 0.558296875 0.4332943925233645 0.5815937500000001 0.2427102803738318
24 0.72315625 0.8179205607476636 0.051687499999999886 0.1584579439252336
0 0.89009375 0.8335514018691589 0.12596874999999996 0.33289719626168224
0 0.1581328125 0.7999883177570093 0.09579687500000003 0.3688551401869159
0 0.3083359375 0.7956892523364486 0.08245312500000002 0.3627336448598131
0 0.25803906249999997 0.8052219626168224 0.05757812499999998 0.3237616822429906
0 0.377296875 0.7619976635514019 0.07003124999999999 0.26179906542056075
0 0.7509765625 0.8379906542056075 0.126859375 0.3010747663551402
0 0.957 0.8682710280373832 0.042031249999999964 0.1410280373831776
0 0.933140625 0.7883644859813084 0.030718749999999906 0.1286915887850466
0 0.107234375 0.7537032710280374 0.17353125 0.4810981308411214
0 0.6841953125 0.7656425233644859 0.03839062500000001 0.13016355140186908
0 0.6643125 0.7923130841121495 0.04209375000000004 0.06000000000000005
0 0.031265625000000005 0.7732359813084112 0.06253125000000001 0.4155841121495327
1 0.9690390624999998 0.9241004672897197 0.056703124999999965 0.09044392523364475
0 0.5106796874999999 0.7 0.29876562500000003 0.574018691588785
0 0.55859375 0.7628504672897196 0.8796875 0.46962616822429903
