47 0.46623157894736844 0.8013281250000001 0.11271578947368416 0.05465625000000007
47 0.680757894736842 0.488453125 0.07717894736842101 0.05312499999999998
47 0.28600000000000003 0.5042265625 0.056505263157894725 0.045828125
47 0.5347368421052632 0.3481875 0.07010526315789473 0.050562499999999955
47 0.6150210526315789 0.5020234375 0.06654736842105269 0.056234375
47 0.7409473684210527 0.432296875 0.06985263157894739 0.06143749999999998
47 0.5784526315789474 0.3348828125 0.042210526315789476 0.034109375
47 0.5363894736842105 0.29740625 0.06503157894736844 0.054812499999999986
47 0.3592947368421053 0.10684374999999999 0.046378947368421075 0.06993749999999999
47 0.4473473684210526 0.10621875 0.02345263157894739 0.025343749999999998
47 0.556221052631579 0.388234375 0.05597894736842113 0.04590625000000004
47 0.6739999999999999 0.5325859374999999 0.06791578947368415 0.04320312500000001
47 0.5695157894736842 0.5016640625 0.03279999999999994 0.032546874999999975
