32 0.13546 0.5971448087431694 0.05544000000000003 0.07248633879781419
0 0.8726400000000001 0.9258333333333334 0.09048 0.11685792349726776
0 0.7336499999999999 0.9351092896174864 0.16854000000000002 0.10158469945355186
38 0.7862899999999999 0.6314617486338797 0.23358 0.6831420765027323
38 0.51665 0.7207650273224044 0.2807 0.5550273224043717
38 0.60451 0.6190983606557378 0.24509999999999993 0.6044808743169401
38 0.2811 0.6385245901639345 0.35116 0.6666666666666666
38 0.33740000000000003 0.5699590163934426 0.15008 0.5981693989071037
38 0.44331 0.5089890710382513 0.15626 0.6224590163934426
0 0.11746999999999999 0.950792349726776 0.11358 0.09841530054644809
38 0.52959 0.6166530054644808 0.13630000000000003 0.662431693989071
38 0.69603 0.7164617486338798 0.06113999999999997 0.3022131147540984
38 0.6525799999999999 0.8797267759562841 0.04144000000000003 0.2051912568306009
0 0.48463 0.955068306010929 0.08182 0.08986338797814208
0 0.29791 0.8822267759562842 0.2413 0.23554644808743164
