1 0.2658281250000001 0.6915833333333333 0.10709375000000004 0.3832083333333333
2 0.8741953125 0.5607604166666667 0.2516093749999999 0.3634375
5 0.40028125000000003 0.42022916666666665 0.71628125 0.705625
0 0.24522656249999997 0.5640416666666667 0.19045312499999997 0.5303333333333333
0 0.6173203125 0.38028125 0.09132812499999998 0.1293125
9 0.8532421875 0.055135416666666666 0.036296875000000006 0.10906249999999999
9 0.35855468749999997 0.06426041666666667 0.039859374999999975 0.06377083333333333
9 0.157140625 0.14464583333333333 0.01881250000000001 0.04583333333333334
9 0.1946875 0.1509375 0.025281250000000005 0.05275000000000002
2 0.76071875 0.534125 0.04171875000000003 0.16766666666666674
9 0.0055390625 0.17367708333333334 0.011078125 0.055104166666666676
9 0.2385 0.12386458333333333 0.037218749999999995 0.09927083333333335
5 0.0701328125 0.4142916666666666 0.140265625 0.4389583333333333
