36 0.5059843749999999 0.7553512880562061 0.20299999999999996 0.1140749414519906
36 0.777890625 0.5694145199063232 0.08009374999999996 0.04201405152224824
0 0.555484375 0.5101170960187353 0.32534375000000004 0.4853864168618267
0 0.2645 0.3312060889929742 0.039718750000000025 0.19323185011709604
0 0.8730546875 0.30855971896955503 0.06910937500000003 0.22297423887587825
0 0.1059453125 0.3079625292740047 0.04220312500000001 0.17442622950819672
0 0.030039062499999998 0.30713114754098364 0.034484375 0.14971896955503516
0 0.7134296875 0.5424941451990632 0.051671875000000034 0.13744730679156908
0 0.732703125 0.5269203747072599 0.02240624999999996 0.1040515222482436
0 0.7575468750000001 0.5155035128805621 0.035656250000000056 0.08608899297423883
0 0.183234375 0.331440281030445 0.043531249999999994 0.15566744730679155
0 0.9643593750000001 0.34180327868852456 0.06206250000000002 0.17348946135831383
36 0.8661953124999999 0.382271662763466 0.02898437499999995 0.05953161592505857
36 0.25610937500000003 0.3767798594847775 0.014406249999999982 0.0863466042154567
36 0.1780703125 0.4059367681498829 0.04798437499999997 0.02362997658079624
36 0.09662499999999999 0.35862997658079626 0.025374999999999995 0.07093676814988292
36 0.0140546875 0.34002341920374707 0.015109375 0.07292740046838408
0 0.0044687500000000005 0.2511241217798595 0.007750000000000001 0.08903981264637004
0 0.9622812500000001 0.6314051522248244 0.0747500000000001 0.4893676814988291
36 0.6991093749999999 0.597552693208431 0.029874999999999985 0.01093676814988298
0 0.70390625 0.4847775175644028 0.029687499999999978 0.046838407494145196
