34 0.18315625000000002 0.6521506550218341 0.02515625000000002 0.03216157205240178
35 0.4685 0.5320305676855895 0.11418749999999994 0.10532751091703058
0 0.598234375 0.5808951965065503 0.36021875 0.48764192139738
0 0.7383671875 0.38900655021834063 0.12410937499999997 0.2846506550218341
0 0.083625 0.4696615720524018 0.16403125000000002 0.40447598253275113
0 0.9451875 0.2941266375545852 0.09021875000000001 0.1820960698689957
0 0.32060156250000005 0.4739628820960699 0.4149218750000001 0.7080567685589519
0 0.8629453125000001 0.4866484716157205 0.222796875 0.6894104803493449
34 0.37178124999999995 0.27164847161572053 0.0219375 0.047532751091703074
0 0.24134375 0.5052729257641921 0.09974999999999995 0.2907641921397379
0 0.472953125 0.41637554585152836 0.14434375 0.19008733624454144
0 0.975421875 0.3409606986899563 0.04915625000000001 0.1636244541484716
13 0.11578124999999999 0.52867903930131 0.23156249999999998 0.22015283842794758
35 0.35538281250000003 0.3106659388646288 0.05045312499999999 0.09731441048034933
