0 0.30632318501170963 0.836734375 0.16922716627634662 0.17671874999999992
0 0.7478805620608899 0.6428984375 0.08208430913348952 0.05770312500000008
0 0.46274004683840747 0.6339999999999999 0.11423887587822013 0.12475000000000003
0 0.5001288056206089 0.5686796875000001 0.08367681498829033 0.11245312500000004
0 0.5273770491803278 0.4610859375 0.09934426229508192 0.10182812500000005
0 0.5585128805620609 0.3766484375 0.07014051522248244 0.08001562499999998
0 0.5539227166276346 0.31546874999999996 0.05627634660421543 0.036187499999999984
0 0.3010772833723653 0.42586718749999997 0.048992974238875886 0.03732812499999999
0 0.21418032786885244 0.5035703125 0.09248243559718969 0.04767187500000003
0 0.7398594847775176 0.41767968749999995 0.0243091334894614 0.017734375000000024
0 0.11110070257611243 0.7708359375 0.1331615925058548 0.1512968749999999
3 0.6492388758782202 0.8185390625 0.1341686182669789 0.16642187500000005
3 0.7536416861826698 0.7505859375 0.12133489461358316 0.12873437500000007
3 0.41392271662763463 0.7443515625 0.12185011709601878 0.13864062500000007
3 0.11762295081967214 0.8232421875 0.11426229508196722 0.15470312499999994
3 0.3050351288056206 0.8857499999999998 0.21175644028103044 0.16118749999999993
3 0.8957142857142858 0.62428125 0.1296487119437939 0.14465624999999993
3 0.45241217798594846 0.6627265625000001 0.11433255269320836 0.087078125
3 0.5254449648711944 0.480609375 0.10737704918032792 0.09443749999999995
3 0.7390281030444965 0.4846328125 0.11032786885245904 0.08867187499999996
3 0.21654566744730677 0.5717421874999999 0.12400468384074942 0.104421875
3 0.2697072599531616 0.471703125 0.10105386416861825 0.10096875000000005
3 0.8415690866510539 0.4223203125 0.07503512880562069 0.10104687500000004
0 0.750983606557377 0.71153125 0.11836065573770493 0.14278124999999997
0 0.6544145199063232 0.7723359375000001 0.1487353629976581 0.161203125
0 0.5784543325526932 0.4015625 0.6978922716627635 0.36249999999999993
3 0.5807962529274004 0.34453125 0.5573770491803278 0.2484375
