14 0.441640625 0.1247265625 0.011124999999999996 0.008640624999999999
14 0.586890625 0.17584374999999997 0.015281249999999913 0.009187499999999987
14 0.5112890625 0.26296093749999994 0.011390625000000099 0.012421874999999971
18 0.5215703125 0.760515625 0.067359375 0.10393750000000002
18 0.5650625 0.7499765625 0.04256249999999995 0.09648437499999996
18 0.4520546875 0.7558906250000001 0.06110937500000002 0.10875000000000001
18 0.7246328124999999 0.6103828125000001 0.10898437500000002 0.05560937500000007
14 0.3479375 0.16821875000000003 0.015500000000000014 0.017156250000000012
14 0.35845312500000004 0.0950390625 0.00759375000000001 0.010015625000000014
14 0.4433125 0.38140625000000006 0.00968749999999996 0.005218749999999994
14 0.3469453125 0.1172734375 0.00832812500000002 0.010015624999999986
14 0.5146953125 0.35246093749999996 0.010171875000000052 0.004515624999999968
14 0.4965859375 0.15762500000000002 0.0072968749999999805 0.006312500000000026
14 0.5589375 0.16920312499999998 0.014281250000000023 0.010749999999999982
18 0.40505468750000007 0.758140625 0.05445312500000005 0.11040624999999993
14 0.3063203125 0.38124218749999994 0.010671875000000053 0.011078124999999994
14 0.297015625 0.3628046875 0.009812500000000002 0.005734374999999958
18 0.457921875 0.7621484375 0.07006250000000003 0.11657812499999998
14 0.44453125 0.215625 0.6109375 0.31875
