60 0.6978671875 0.7194270833333334 0.604265625 0.5611458333333333
60 0.8367500000000001 0.33828125 0.3256875 0.22839583333333333
0 0.4188203125 0.5 0.837640625 1.0
0 0.3532578125 0.12686458333333334 0.11298437499999997 0.13597916666666665
0 0.9331484375 0.23370833333333332 0.13370312500000003 0.4629166666666667
0 0.66428125 0.25225000000000003 0.24953124999999998 0.40075000000000005
41 0.8679140625000001 0.6544895833333333 0.11089062500000002 0.17527083333333326
41 0.9021484375 0.20865625 0.025859374999999907 0.057479166666666665
52 0.7243515625000001 0.7877395833333333 0.550109375 0.3915208333333333
26 0.7005234375 0.19413541666666667 0.108421875 0.12714583333333332
0 0.29059375 0.14596874999999998 0.06968749999999996 0.11035416666666667
41 0.7892578125 0.21226041666666667 0.02495312500000002 0.032354166666666684
60 0.8442812500000001 0.20633333333333337 0.29428124999999994 0.1322916666666667
0 0.7265390624999999 0.08017708333333333 0.06470312499999997 0.08627083333333332
0 0.8552812500000001 0.0530625 0.07275000000000009 0.07275000000000001
41 0.869390625 0.21377083333333335 0.028468750000000043 0.062125000000000014
41 0.66803125 0.7396770833333333 0.07134375000000004 0.2239375
56 0.6012734375 0.36059375000000005 0.32354687499999996 0.36552083333333335
60 0.27572656250000005 0.3705104166666666 0.02620312500000005 0.06543749999999998
0 0.44128124999999996 0.12194791666666666 0.0940625 0.11202083333333333
48 0.7240703125 0.7518437499999999 0.551859375 0.31852083333333325
57 0.6824062500000001 0.46413541666666663 0.17459375 0.09235416666666663
