25 0.588562091503268 0.2816176470588236 0.621078431372549 0.5246732026143791
73 0.8367401960784313 0.6956454248366013 0.11465686274509801 0.04357843137254902
0 0.6373856209150327 0.4256781045751634 0.3513398692810458 0.4256699346405229
0 0.5352124183006536 0.5670424836601308 0.4329411764705882 0.26754901960784316
0 0.32214052287581696 0.7384722222222222 0.15660130718954252 0.2639705882352942
0 0.24944444444444447 0.6579411764705883 0.18120915032679744 0.46084967320261455
0 0.207859477124183 0.33482843137254903 0.11460784313725492 0.26965686274509804
0 0.8723856209150327 0.44816176470588237 0.1360457516339869 0.2939705882352942
0 0.8716911764705884 0.7649101307189543 0.18580065359477127 0.4701797385620915
0 0.9048529411764706 0.24691176470588233 0.11944444444444446 0.3077450980392157
0 0.021977124183006534 0.7612254901960784 0.04395424836601307 0.30477124183006543
67 0.1867156862745098 0.4798039215686274 0.011045751633986939 0.018562091503267986
73 0.35039215686274505 0.7707516339869281 0.0566666666666667 0.06950980392156869
0 0.40259803921568627 0.8493464052287582 0.21816993464052287 0.2753267973856208
