32 0.1395 0.36453161592505856 0.03021874999999999 0.043348946135831345
0 0.434796875 0.4686885245901639 0.6267187500000001 0.8966276346604215
0 0.8207578124999999 0.27716627634660423 0.14226562499999995 0.5360187353629976
0 0.0582578125 0.08901639344262297 0.056765625 0.12103044496487121
35 0.687734375 0.1865807962529274 0.08159374999999991 0.16946135831381734
35 0.25822656250000003 0.5435245901639344 0.06101562500000002 0.08016393442622949
0 0.9222812499999999 0.1322599531615925 0.059687500000000004 0.1159484777517564
0 0.21774218750000002 0.10074941451990632 0.03401562500000002 0.11681498829039814
0 0.503765625 0.06292740046838408 0.06896874999999991 0.11686182669789227
0 0.87415625 0.07389929742388758 0.021749999999999936 0.06124121779859484
0 0.1734453125 0.39311475409836066 0.27407812500000006 0.3765339578454333
0 0.2749765625 0.10001170960187354 0.07948437500000002 0.15416861826697895
0 0.17567968750000001 0.09875878220140516 0.06923437499999999 0.11625292740046839
0 0.02853125 0.1088056206088993 0.0570625 0.0819672131147541
0 0.7215546875000001 0.058173302107728336 0.08773437500000003 0.10941451990632317
0 0.1881171875 0.0407728337236534 0.03732812499999999 0.07283372365339578
0 0.5 0.23653395784543327 0.996875 0.47306791569086654
