2 0.6979218749999999 0.4560772833723653 0.6028749999999998 0.48334894613583135
3 0.361265625 0.7199531615925058 0.70459375 0.5358782201405152
0 0.42553124999999997 0.5772833723653396 0.3558125 0.8454332552693209
2 0.8043750000000001 0.2758313817330211 0.34634374999999995 0.20000000000000004
0 0.55146875 0.21223653395784545 0.039406249999999865 0.06053864168618267
2 0.19363281249999997 0.14482435597189697 0.064203125 0.04988290398126463
2 0.1579609375 0.14137002341920374 0.02832812500000001 0.03730679156908666
2 0.135859375 0.13843091334894614 0.03362499999999999 0.034145199063231865
2 0.09431250000000001 0.1384894613583138 0.05662500000000001 0.04391100702576112
2 0.006875000000000001 0.12039812646370024 0.0125 0.04819672131147541
3 0.9780703125000001 0.28401639344262297 0.030390625000000004 0.09
7 0.7997578125 0.26492974238875877 0.348328125 0.1922014051522248
