0 0.32035156249999996 0.6235729166666667 0.23710937499999993 0.7219791666666668
0 0.5300625000000001 0.67753125 0.07584375000000004 0.14156250000000004
43 0.4508984375 0.7569583333333334 0.09226562500000002 0.07954166666666673
55 0.6074062499999999 0.7786979166666668 0.2291875 0.1763541666666667
55 0.6292187499999999 0.38069791666666664 0.13865625000000004 0.10564583333333338
55 0.4166015625 0.7985312499999999 0.104421875 0.1634375
0 0.4416796875 0.4143229166666667 0.048234374999999996 0.09339583333333334
0 0.48971875 0.45695833333333336 0.05562499999999998 0.12879166666666664
0 0.5065625 0.42752083333333335 0.022812500000000013 0.050333333333333286
0 0.045421875 0.42216666666666663 0.05365625000000001 0.06941666666666668
27 0.27115625 0.5616770833333333 0.06103124999999998 0.3891458333333333
58 0.4612578125 0.4921979166666667 0.03807812499999996 0.07902083333333337
58 0.48810937500000007 0.4963749999999999 0.03490624999999997 0.08137499999999992
58 0.4473125 0.4901041666666667 0.027937500000000004 0.08424999999999999
58 0.6046328125 0.5324895833333334 0.08560937499999999 0.06285416666666677
60 0.527875 0.65765625 0.59965625 0.6598958333333333
0 0.019765625000000002 0.4239791666666667 0.039531250000000004 0.06116666666666665
55 0.6202734374999999 0.5954999999999999 0.19751562499999997 0.07737499999999997
0 0.2234453125 0.5696875 0.446890625 0.8595833333333334
0 0.45346093750000005 0.6602604166666668 0.075671875 0.18647916666666664
