30 0.8608828125 0.3523333333333334 0.27823437500000003 0.05641666666666667
0 0.25703906249999997 0.07447916666666667 0.10073437499999999 0.12929166666666667
0 0.6985937499999999 0.27001041666666664 0.19243749999999993 0.5400208333333333
0 0.5439765625 0.4452708333333333 0.19445312499999995 0.28570833333333323
0 0.4006328125 0.6169479166666667 0.398734375 0.35947916666666674
0 0.8971562500000001 0.18151041666666667 0.14240624999999996 0.35443749999999996
0 0.12471874999999999 0.62696875 0.24943749999999998 0.7460625000000001
0 0.972125 0.13963541666666665 0.055749999999999966 0.2770208333333333
0 0.030617187499999997 0.20966666666666667 0.060421875 0.19362500000000002
0 0.24411718750000003 0.3985208333333334 0.18007812500000003 0.6410833333333333
30 0.66915625 0.5896041666666667 0.19674999999999998 0.11429166666666668
30 0.39453125 0.78696875 0.5503125 0.2023541666666666
