39 0.5830625 0.7560520833333333 0.10806250000000006 0.30322916666666677
39 0.42978125 0.6449791666666667 0.10250000000000004 0.4935416666666666
39 0.9648828125 0.5587604166666666 0.04648437499999991 0.18877083333333328
0 0.06815625 0.4687291666666667 0.1363125 0.6846666666666666
0 0.13068749999999998 0.28218750000000004 0.16143749999999996 0.37850000000000006
0 0.539328125 0.35730208333333335 0.27640624999999996 0.6516875
0 0.77865625 0.52471875 0.32359375 0.6673958333333334
0 0.83484375 0.3311875 0.2245625 0.46575
40 0.6651562500000001 0.5311354166666666 0.06321874999999999 0.19389583333333332
40 0.32878124999999997 0.45225000000000004 0.08712500000000001 0.21166666666666673
40 0.552359375 0.48291666666666666 0.060562500000000075 0.12233333333333324
26 0.8518671875 0.7583125 0.296265625 0.315125
0 0.9714140625000001 0.4616458333333334 0.0554531250000001 0.28533333333333344
39 0.9370703125 0.54784375 0.03223437500000004 0.17572916666666666
0 0.262921875 0.5 0.29325 0.6584166666666668
