2 0.5000703124999999 0.3682173913043479 0.5402656249999999 0.36017391304347834
2 0.05264843749999999 0.4799673913043478 0.066765625 0.10132608695652168
7 0.49203125000000003 0.5171521739130435 0.836125 0.7046956521739131
9 0.8246874999999999 0.17289130434782607 0.04762500000000003 0.11430434782608694
9 0.861375 0.19321739130434784 0.02765625000000005 0.07273913043478264
0 0.8832656249999999 0.39417391304347826 0.03368749999999987 0.192
0 0.9088828124999999 0.4113695652173913 0.033859374999999914 0.17617391304347824
0 0.8701718750000002 0.4031521739130435 0.033500000000000085 0.18643478260869567
0 0.9364296874999999 0.3333260869565217 0.03132812499999993 0.06634782608695655
0 0.9454843750000002 0.4123478260869565 0.034500000000000086 0.17682608695652174
0 0.7834687499999999 0.42592391304347826 0.017718749999999894 0.09163043478260868
24 0.9284921875000001 0.38577173913043483 0.009890625000000042 0.04645652173913045
9 0.558734375 0.18792391304347825 0.03371875000000002 0.03315217391304348
9 0.276875 0.1951086956521739 0.026937500000000003 0.03060869565217389
