16 0.76071 0.8787873754152824 0.14473999999999998 0.15757475083056482
56 0.5754600000000001 0.7915448504983389 0.14628000000000008 0.3698671096345516
60 0.68273 0.7376744186046511 0.43466 0.3801328903654485
56 0.81508 0.7550664451827243 0.07984000000000002 0.19325581395348845
56 0.63969 0.684767441860465 0.08617999999999992 0.3181727574750831
56 0.93978 0.7296511627906976 0.1204400000000001 0.36561461794019934
45 0.8098099999999999 0.5779900332225913 0.0730599999999999 0.054518272425249203
45 0.71905 0.5725415282392026 0.07341999999999993 0.04953488372093029
41 0.67813 0.5955315614617941 0.021299999999999875 0.03850498338870434
41 0.63685 0.5625415282392026 0.019020000000000037 0.03425249169435218
45 0.7774399999999999 0.5653820598006645 0.053159999999999985 0.05235880398671089
56 0.8525 0.5995182724252492 0.049000000000000044 0.13903654485049832
