56 0.3743671875 0.5107894736842105 0.04698437500000002 0.0769635627530364
56 0.41334375 0.5029352226720647 0.036968749999999995 0.07376518218623479
7 0.8775234375 0.39007085020242915 0.16648437500000002 0.17082995951417002
0 0.511234375 0.5615485829959515 0.13556250000000003 0.5188056680161943
0 0.5729453125 0.47925101214574894 0.053953125000000046 0.21769230769230763
0 0.73371875 0.4573076923076923 0.04509374999999993 0.1640485829959515
0 0.9589453125 0.46341093117408905 0.02842187500000004 0.09759109311740888
1 0.7085781250000001 0.5015991902834008 0.02056250000000004 0.054048582995951444
2 0.9881953125 0.5205566801619433 0.023609375000000044 0.15139676113360334
56 0.3680703125 0.46910931174089066 0.022390625000000053 0.009028340080971697
67 0.5214140625 0.3539473684210526 0.005203124999999975 0.012631578947368438
56 0.34684375 0.49072874493927127 0.011124999999999996 0.033643724696356236
1 0.961296875 0.49547570850202427 0.02268749999999997 0.08253036437246958
7 0.847109375 0.43261133603238866 0.11903125000000003 0.22149797570850205
