0 0.53409 0.49554666666666664 0.15805999999999998 0.5685866666666667
0 0.74116 0.4067733333333333 0.03871999999999998 0.06325333333333333
0 0.75437 0.38950666666666667 0.01878000000000002 0.0604533333333333
0 0.81426 0.44628 0.0861599999999999 0.1452
36 0.55244 0.78408 0.21811999999999998 0.20106666666666673
63 0.82515 0.4322666666666667 0.028779999999999917 0.033386666666666676
0 0.97421 0.4389333333333333 0.05158000000000007 0.13013333333333338
0 0.96155 0.4349733333333333 0.040140000000000065 0.13181333333333328
56 0.8031699999999999 0.6116133333333333 0.10310000000000008 0.22034666666666658
56 0.8773599999999999 0.52364 0.07635999999999998 0.14279999999999998
56 0.9153500000000001 0.49416 0.06070000000000009 0.11402666666666661
56 0.6642300000000001 0.5332 0.06877999999999995 0.1401066666666666
56 0.64012 0.4455733333333334 0.029080000000000106 0.06901333333333332
56 0.70392 0.5576933333333334 0.08708000000000005 0.16765333333333332
56 0.6570099999999999 0.4314133333333333 0.03266000000000002 0.042613333333333336
56 0.81917 0.5878666666666666 0.09506000000000003 0.1857066666666667
56 0.43106 0.47662666666666675 0.04336000000000001 0.0922933333333334
56 0.92598 0.48458666666666667 0.056279999999999886 0.10186666666666666
56 0.9304600000000001 0.47642666666666666 0.05628 0.0900266666666667
56 0.9418500000000001 0.46868 0.054460000000000064 0.08504
56 0.677 0.528 0.514 0.272
