35 0.45660999999999996 0.22195195195195194 0.061419999999999975 0.10936936936936933
0 0.6757299999999999 0.4190990990990992 0.41157999999999995 0.7618018018018019
0 0.55017 0.43181681681681683 0.042340000000000044 0.23768768768768767
0 0.16357 0.4414864864864865 0.0645 0.23084084084084083
0 0.23123 0.4606756756756757 0.06733999999999996 0.2831531531531532
0 0.47833 0.44626126126126126 0.042019999999999946 0.21450450450450453
0 0.92696 0.4449399399399399 0.10175999999999996 0.3028528528528528
0 0.02627 0.5006606606606606 0.04586 0.13441441441441432
0 0.28704999999999997 0.5169069069069069 0.28694 0.7027627627627628
2 0.78288 0.44102102102102103 0.05667999999999995 0.044024024024024
0 0.5759799999999999 0.489984984984985 0.02191999999999994 0.12261261261261258
0 0.10301000000000002 0.4446996996996997 0.05166 0.2252552552552553
