5 0.743671875 0.7646388888888889 0.43834375000000003 0.24322222222222223
5 0.6367421875 0.7082638888888889 0.34479687500000006 0.17225000000000001
2 0.747953125 0.5434027777777777 0.016093750000000018 0.021027777777777756
2 0.760765625 0.532888888888889 0.009718749999999998 0.019444444444444486
5 0.5966796875 0.6839861111111112 0.31795312500000006 0.1646388888888889
2 0.288046875 0.578375 0.02471875000000001 0.03236111111111106
2 0.7816484375 0.5778055555555556 0.022609375000000043 0.03388888888888886
7 0.8374140625000002 0.9358055555555556 0.3217968750000001 0.10361111111111121
7 0.264296875 0.5565555555555555 0.043562500000000004 0.06261111111111106
2 0.247421875 0.567236111111111 0.031187500000000035 0.04241666666666666
2 0.7713671875 0.5315277777777778 0.005296874999999979 0.02111111111111108
5 0.5238203124999999 0.6424027777777778 0.31417187499999993 0.15074999999999994
