0 0.51803125 0.6698199445983379 0.1328125 0.31393351800554015
0 0.20732812499999997 0.29778393351800553 0.02071874999999998 0.05540166204986152
0 0.1654140625 0.2925761772853186 0.02660937499999999 0.060664819944598325
0 0.5632890625 0.31121883656509697 0.010796875000000039 0.0490858725761773
0 0.44290624999999995 0.29601108033240997 0.01171875 0.038614958448753456
0 0.341015625 0.28832409972299167 0.01200000000000001 0.038919667590027685
0 0.5141015625 0.30623268698060946 0.007390624999999984 0.01562326869806091
0 0.49520312499999997 0.3028393351800554 0.01028125000000002 0.025900277008310213
0 0.47694531250000005 0.3174376731301939 0.014078124999999997 0.05903047091412744
0 0.45480468749999997 0.31105263157894736 0.01192187499999997 0.042603878116343474
0 0.5329999999999999 0.30469529085872576 0.005843750000000036 0.025290858725761756
0 0.8460234375 0.36078947368421055 0.006890625000000039 0.04689750692520778
0 0.5507421875 0.3001523545706371 0.006984375000000043 0.015207756232686997
30 0.5675000000000001 0.8230332409972299 0.29778125 0.09537396121883657
0 0.75859375 0.3102493074792244 0.27656249999999993 0.055401662049861466
