2 0.825421875 0.9394142259414227 0.2805624999999998 0.1211715481171548
0 0.6961015625 0.8722384937238494 0.0192031250000001 0.08866108786610882
2 0.7187265624999999 0.8703347280334728 0.09773437500000004 0.06263598326359832
0 0.48231250000000003 0.8343410041841004 0.01618750000000002 0.045376569037656966
2 0.9140390625 0.881297071129707 0.05398437499999997 0.05953974895397485
2 0.7723515625 0.8582845188284518 0.030828124999999984 0.03062761506276146
2 0.9473437500000002 0.8632217573221757 0.04368749999999999 0.0336820083682009
2 0.9800625000000001 0.8652719665271967 0.02490625000000002 0.021966527196652708
9 0.24814062500000003 0.6090062761506275 0.016250000000000042 0.05366108786610879
0 0.6366953125 0.8817573221757322 0.03195312500000003 0.0405439330543933
0 0.6352187499999999 0.8386297071129707 0.024500000000000077 0.04705020920502101
2 0.8306796875 0.8644979079497908 0.10554687499999993 0.05661087866108794
9 0.928921875 0.6105334728033474 0.023812500000000014 0.026589958158995786
9 0.527421875 0.1395083682008368 0.09959374999999998 0.2740794979079498
9 0.5320859375 0.5930857740585773 0.08123437500000008 0.1791422594142259
