25 0.728890625 0.08779236276849642 0.11603125000000003 0.053007159904534605
0 0.41046875 0.47416467780429594 0.26187499999999997 0.9258472553699284
0 0.5425703125000001 0.17745823389021478 0.035171874999999964 0.05821002386634844
0 0.9670078125000001 0.17501193317422437 0.01817187500000006 0.11875894988066828
0 0.8840234375 0.19433174224343674 0.021734374999999972 0.0459904534606205
0 0.1630859375 0.0802744630071599 0.026140625 0.13047732696897374
0 0.520125 0.16105011933174224 0.024968750000000095 0.0877326968973747
0 0.3684453125 0.1412052505966587 0.01817187499999995 0.05119331742243437
0 0.2669140625 0.1313365155131265 0.018109374999999983 0.03408114558472554
36 0.32834375000000005 0.8244868735083533 0.10709375000000004 0.143054892601432
1 0.5806484375 0.19710023866348447 0.037203125000000004 0.045894988066825765
1 0.62896875 0.20102625298329355 0.038999999999999924 0.05799522673031027
0 0.25186718750000003 0.13501193317422433 0.01285937499999995 0.024582338902147977
25 0.20430468750000003 0.09670644391408115 0.061203125 0.03494033412887827
0 0.915640625 0.2083054892601432 0.030437500000000117 0.05054892601431982
0 0.3217265625 0.13165871121718378 0.02120312499999999 0.061360381861575206
0 0.5364765624999999 0.14730310262529833 0.014859375000000008 0.05761336515513124
0 0.3970390625 0.14807875894988068 0.025296874999999996 0.04680190930787588
0 0.4390625 0.15274463007159905 0.30624999999999997 0.08591885441527447
