32 0.4520033388981636 0.34109375 0.05736227045075132 0.05690624999999999
2 0.8152838063439065 0.17996875 0.1937395659432387 0.10646875
2 0.5162771285475793 0.1705859375 0.29549248747913187 0.15482812499999998
0 0.7502086811352253 0.48425 0.4027545909849749 0.7810625000000001
0 0.11983305509181971 0.36428906250000004 0.13926544240400668 0.18426562500000004
35 0.8309432387312188 0.4153515625 0.12515859766277126 0.12301562499999996
35 0.11823038397328882 0.393828125 0.05295492487479134 0.029437500000000005
2 0.13445742904841404 0.189203125 0.2689148580968281 0.12359375
2 0.35411519198664443 0.1721953125 0.26402337228714523 0.06682812500000002
2 0.10087646076794657 0.11384375 0.20175292153589314 0.052593749999999995
2 0.23911519198664438 0.123453125 0.10764607679465774 0.0419375
2 0.5412270450751253 0.1019609375 0.13991652754590989 0.030828125000000012
2 0.28230383973288814 0.119390625 0.04614357262103508 0.036375000000000005
2 0.0353338898163606 0.19777343750000004 0.0706677796327212 0.09864062500000001
7 0.10510016694490819 0.1120234375 0.20679465776293823 0.06492187499999999
7 0.5174457429048414 0.1622265625 0.28951585976627703 0.14717187499999998
