0 0.24127343749999997 0.5981979166666667 0.031046875 0.10477083333333337
0 0.27668750000000003 0.5931979166666668 0.050687499999999996 0.1351458333333334
0 0.30992968750000005 0.6028020833333333 0.04948437499999997 0.13260416666666663
0 0.4413671875 0.6024270833333334 0.012015624999999974 0.028104166666666708
24 0.0668203125 0.5867708333333334 0.05042187500000001 0.08579166666666671
0 0.039671874999999995 0.65390625 0.07909374999999999 0.31535416666666666
0 0.0895234375 0.6137395833333332 0.023640625 0.10810416666666656
0 0.33321093749999997 0.5917395833333334 0.02632812499999998 0.0796458333333333
30 0.23357031250000002 0.64971875 0.04285937499999998 0.006520833333333309
30 0.3226953125 0.6690104166666666 0.08414062499999997 0.014770833333333178
30 0.06867187500000001 0.8034895833333333 0.13734375000000001 0.04414583333333333
30 0.4407265625 0.6154479166666667 0.0070468749999999525 0.002854166666666713
