0 0.5435390625000001 0.4123645833333333 0.315171875 0.3797708333333333
0 0.8859765625 0.46396875 0.1469531249999999 0.5180208333333333
0 0.5527656249999999 0.32294791666666667 0.13846875000000003 0.4493958333333334
0 0.729359375 0.45492708333333337 0.12921875000000005 0.46177083333333335
0 0.9698828124999999 0.4363645833333334 0.05967187499999993 0.15664583333333337
0 0.3314296875 0.2954375 0.025359375000000017 0.08266666666666667
0 0.20025781250000002 0.33123958333333337 0.02026562499999998 0.04335416666666664
0 0.1717421875 0.36189583333333336 0.025546875000000024 0.05833333333333335
0 0.1388671875 0.39955208333333336 0.057765625000000015 0.13831250000000006
0 0.8308046874999999 0.32357291666666665 0.057140625000000056 0.18552083333333333
13 0.117140625 0.44095833333333334 0.22209374999999998 0.062
13 0.36532031249999997 0.3993541666666667 0.110828125 0.043875
13 0.2920859375 0.40027083333333335 0.074078125 0.03025
26 0.7938046875 0.4440208333333333 0.05420312499999991 0.22458333333333336
26 0.18084375 0.39901041666666665 0.020562499999999984 0.032895833333333346
26 0.63046875 0.3482291666666667 0.021156249999999988 0.04741666666666661
45 0.6821484375 0.6474791666666666 0.096796875 0.08712500000000001
45 0.5718984375 0.5796250000000001 0.07554687500000001 0.07079166666666681
60 0.6087109375 0.7292083333333333 0.782578125 0.5280833333333332
60 0.374078125 0.37585416666666666 0.16649999999999998 0.041291666666666615
0 0.3010859375 0.34305208333333337 0.03939062500000001 0.0658125
0 0.27125 0.3505520833333333 0.04049999999999998 0.0789375
13 0.028843749999999998 0.4048333333333334 0.05146875 0.01150000000000001
44 0.691671875 0.6117291666666667 0.015656249999999927 0.050708333333333244
44 0.7699765625000001 0.8908020833333333 0.02770312500000005 0.21839583333333334
45 0.438015625 0.6878958333333334 0.26853124999999994 0.16633333333333333
45 0.8279218749999999 0.7623333333333333 0.10131250000000003 0.10649999999999993
0 0.9805078125 0.3430416666666667 0.03898437500000007 0.09091666666666665
13 0.22863281250000003 0.39517708333333335 0.02176562500000001 0.033479166666666615
13 0.372359375 0.3715208333333333 0.16537500000000005 0.030791666666666717
45 0.378234375 0.6016979166666667 0.21221875 0.10506250000000006
45 0.3250390625 0.53665625 0.16635937499999998 0.061270833333333385
45 0.331859375 0.4413229166666667 0.05671875000000004 0.04756250000000001
45 0.924609375 0.9279375000000001 0.07421875 0.08854166666666663
60 0.320296875 0.4933125 0.27859375 0.15812499999999996
44 0.4993515625 0.6606145833333332 0.08742187499999998 0.0753125
44 0.7850546875000001 0.720625 0.04651562500000006 0.06433333333333335
44 0.3792734375 0.5924895833333332 0.08914062499999997 0.041145833333333326
44 0.384578125 0.421875 0.017562500000000036 0.005291666666666639
60 0.038421874999999994 0.4297916666666666 0.07368749999999999 0.07437499999999997
0 0.5 0.55625 0.996875 0.7416666666666667
