0 0.32941 0.3749288256227758 0.19614000000000004 0.4944128113879004
0 0.65377 0.5912099644128114 0.23417999999999994 0.8175800711743773
39 0.38098 0.6662455516014235 0.050360000000000016 0.35747330960854096
39 0.6557 0.666761565836299 0.04532000000000003 0.3469039145907474
39 0.52193 0.6724377224199287 0.05006000000000005 0.34188612099644133
39 0.5685 0.6670462633451957 0.05048000000000008 0.35145907473309607
39 0.62165 0.6733629893238433 0.05038000000000009 0.3537722419928825
39 0.5081 0.5613879003558718 0.014799999999999924 0.09686832740213513
40 0.14642 0.7316548042704627 0.056679999999999994 0.2383274021352313
40 0.20456 0.7301957295373666 0.05524000000000001 0.2334875444839859
40 0.25531000000000004 0.6779715302491103 0.05214000000000002 0.13444839857651247
40 0.71045 0.7327935943060498 0.04242000000000001 0.21654804270462624
40 0.77959 0.7306049822064057 0.04518 0.21202846975088963
40 0.73863 0.7333274021352313 0.028259999999999952 0.21733096085409254
40 0.83234 0.7314056939501778 0.0484 0.21925266903914575
40 0.87918 0.6945017793594306 0.031239999999999934 0.1413879003558718
40 0.94215 0.6776868327402135 0.024700000000000055 0.1027046263345196
40 0.81426 0.7471886120996442 0.02407999999999999 0.185693950177936
40 0.98476 0.7280960854092526 0.030480000000000063 0.2060142348754449
40 0.35209 0.6802313167259786 0.02374000000000004 0.12793594306049827
75 0.29536999999999997 0.7136476868327402 0.08445999999999998 0.2648754448398577
75 0.9134499999999999 0.7139857651245551 0.08053999999999994 0.24683274021352308
39 0.57389 0.6754804270462633 0.060779999999999945 0.34911032028469746
39 0.6393599999999999 0.5574021352313168 0.01955999999999991 0.11032028469750899
40 0.32702999999999993 0.6743238434163701 0.027380000000000015 0.1125622775800712
39 0.43427000000000004 0.6870106761565837 0.051100000000000034 0.32469750889679727
39 0.47863 0.6613167259786477 0.04670000000000002 0.3844128113879003
