8 0.24579 0.645975975975976 0.21514 0.14906906906906914
0 0.36711000000000005 0.5192942942942943 0.019860000000000044 0.028978978978978942
0 0.45622 0.535990990990991 0.013800000000000034 0.057567567567567535
0 0.64371 0.462927927927928 0.009660000000000002 0.04381381381381377
0 0.6265499999999999 0.4641441441441442 0.006900000000000017 0.0499099099099099
0 0.28203 0.5837537537537538 0.016699999999999937 0.026786786786786698
0 0.26072 0.5857957957957958 0.008000000000000007 0.028288288288288332
0 0.14512 0.599894894894895 0.0116 0.04801801801801797
0 0.12391 0.6079879879879879 0.013140000000000013 0.03213213213213206
0 0.63426 0.4629279279279279 0.009360000000000035 0.0486186186186186
0 0.51723 0.4882582582582583 0.014580000000000037 0.04258258258258257
0 0.13731 0.6041591591591591 0.007939999999999975 0.046576576576576545
0 0.42901999999999996 0.4891441441441441 0.009759999999999991 0.03264264264264266
8 0.42884 0.6770720720720721 0.14011999999999997 0.08543543543543541
0 0.37785 0.4838588588588589 0.009699999999999986 0.018768768768768762
0 0.562 0.48948948948948945 0.7040000000000001 0.29429429429429427
