50 0.2892 0.5541167664670659 0.33008000000000004 0.32236526946107785
50 0.66564 0.6282335329341318 0.10531999999999997 0.23059880239520958
50 0.6242000000000001 0.42059880239520964 0.14391999999999994 0.142874251497006
50 0.74362 0.5141467065868264 0.1071200000000001 0.2853592814371258
50 0.57212 0.5875149700598803 0.13204000000000005 0.16940119760479033
50 0.58769 0.7657335329341317 0.14561999999999997 0.2404491017964071
51 0.07801 0.6158233532934132 0.10193999999999999 0.14476047904191625
51 0.48733000000000004 0.6704790419161677 0.03533999999999998 0.06856287425149699
51 0.38493999999999995 0.48615269461077837 0.08615999999999996 0.1339221556886227
60 0.50082 0.6654341317365269 0.99836 0.6444610778443114
