39 0.7833359375000001 0.6619042056074766 0.07260937500000009 0.15539719626168225
39 0.5478359374999999 0.6784696261682241 0.046421874999999946 0.1430140186915888
56 0.2207578125 0.7881775700934579 0.30345312500000005 0.39355140186915893
56 0.5880390625 0.3588317757009346 0.12107812499999993 0.21121495327102807
60 0.6292890625 0.6508644859813084 0.5295468750000001 0.5343457943925233
0 0.38099218749999997 0.44271028037383175 0.17648437499999997 0.6943457943925233
0 0.8483359374999999 0.7370794392523364 0.3020781250000001 0.5033644859813085
0 0.884921875 0.34651869158878507 0.23015625000000006 0.3581308411214953
0 0.1366484375 0.49042056074766355 0.268109375 0.6623831775700934
0 0.49122656249999996 0.8656308411214954 0.276609375 0.2668691588785048
41 0.5632734375 0.4992523364485981 0.03698437500000007 0.1131308411214953
53 0.402703125 0.5616471962616822 0.03859374999999998 0.03717289719626171
53 0.4381718750000001 0.5398481308411215 0.04496875000000006 0.050443925233644826
53 0.43429687499999997 0.6439135514018692 0.037124999999999964 0.039369158878504784
53 0.5539453125 0.8119742990654206 0.033578125000000014 0.06908878504672888
53 0.8403125 0.6780257009345796 0.048968750000000005 0.0576401869158879
53 0.8169765625000001 0.5594742990654206 0.045828125 0.046471962616822404
41 0.822390625 0.7326752336448599 0.046624999999999917 0.079929906542056
41 0.47010156249999996 0.5272079439252337 0.03973437499999999 0.09899532710280379
53 0.4557890625 0.6701401869158877 0.03970312500000006 0.05742990654205604
53 0.6144609375000001 0.47735981308411213 0.036296875000000006 0.038785046728971984
53 0.39939843750000004 0.5294275700934579 0.03532812499999999 0.04128504672897193
53 0.423390625 0.6867873831775702 0.03209375000000003 0.05310747663551407
53 0.6087734375 0.5091004672897197 0.037046875000000035 0.03385514018691593
53 0.8111875000000001 0.5129789719626168 0.02084375000000005 0.03376168224299059
56 0.39414062499999997 0.5084112149532711 0.1746875 0.177196261682243
53 0.649375 0.5061682242990655 0.04118749999999993 0.043925233644859785
48 0.6468984375 0.5040420560747664 0.04667187499999992 0.046074766355140184
