48 0.584828125 0.5961145833333333 0.08053125000000005 0.06856250000000008
48 0.26866406249999997 0.5596145833333332 0.09226562499999999 0.09439583333333335
48 0.3974296875 0.58903125 0.09595312499999997 0.05264583333333328
0 0.23479687500000002 0.5630729166666666 0.3243125 0.8536041666666666
0 0.7794921875 0.496625 0.42976562500000004 0.9752916666666667
26 0.1039453125 0.6094166666666667 0.147078125 0.5433749999999999
26 0.5661171875 0.43045833333333333 0.16895312499999998 0.252625
54 0.26821875 0.5603645833333333 0.0859375 0.08418749999999997
0 0.5324140625 0.5432083333333334 0.34629687499999995 0.8888750000000001
54 0.3988515625 0.5879270833333333 0.09317187500000002 0.04685416666666664
54 0.58346875 0.5958749999999999 0.077125 0.06958333333333333
0 0.7052265625 0.2617083333333333 0.09095312499999997 0.17504166666666665
