34 0.26673437499999997 0.3531308411214953 0.04693750000000002 0.16990654205607475
0 0.2288984375 0.6668925233644859 0.24235937500000002 0.5548130841121495
0 0.2790703125 0.4067406542056075 0.054703124999999964 0.1520327102803738
0 0.468125 0.435677570093458 0.08331249999999996 0.20490654205607478
0 0.9339921875 0.4694742990654205 0.13201562499999997 0.23693925233644858
0 0.06360156249999999 0.3449532710280374 0.012453124999999995 0.06990654205607483
0 0.0321875 0.34134345794392523 0.021093750000000005 0.07137850467289719
0 0.0828515625 0.3466822429906542 0.01295312500000001 0.06065420560747664
0 0.0732421875 0.3457359813084112 0.012671874999999999 0.06259345794392518
0 0.2813671875 0.6897196261682244 0.195546875 0.4464953271028037
32 0.5874921875 0.40748831775700933 0.01773437500000008 0.0262383177570093
35 0.33111718749999997 0.5725116822429906 0.063046875 0.09151869158878512
