16 0.4125703125 0.5333541666666667 0.116828125 0.11529166666666663
19 0.7453281249999999 0.32690625 0.13412499999999994 0.10747916666666668
19 0.9121406249999999 0.33228125 0.05890625000000005 0.11310416666666667
19 0.5150781249999999 0.29327083333333337 0.029906250000000023 0.03395833333333337
19 0.338984375 0.28145833333333337 0.04165624999999995 0.029625000000000068
19 0.46996093750000006 0.2811875 0.05951562500000007 0.0542083333333333
19 0.5971796875000001 0.28798958333333335 0.053234374999999945 0.027520833333333383
19 0.8789453125 0.2929791666666667 0.022671874999999897 0.015333333333333365
19 0.62484375 0.30570833333333336 0.03390625000000003 0.05633333333333329
24 0.154328125 0.5205833333333333 0.130125 0.24404166666666666
19 0.8329296875000001 0.3448333333333333 0.071171875 0.11612499999999998
19 0.6610859375 0.30480208333333336 0.026796874999999942 0.035895833333333294
19 0.385203125 0.2944375 0.04640624999999998 0.02887499999999993
19 0.17376562499999998 0.30298958333333337 0.06384374999999998 0.10697916666666668
19 0.64375 0.3197916666666667 0.709375 0.10208333333333336
