45 0.42875 0.713875 0.2370416666666667 0.12909375
0 0.6337083333333333 0.33483593749999996 0.7041250000000001 0.665171875
54 0.19373958333333335 0.6183203125000001 0.061645833333333344 0.033578125000000014
54 0.3926354166666667 0.6248750000000001 0.07060416666666669 0.05818749999999995
54 0.35000000000000003 0.6160937500000001 0.07466666666666666 0.05103124999999997
54 0.23012500000000002 0.5915546875 0.05754166666666671 0.03273437499999998
54 0.3048229166666666 0.6380000000000001 0.07397916666666665 0.049124999999999974
54 0.3241145833333334 0.5852421875 0.05972916666666672 0.03395312500000003
54 0.2830104166666666 0.5968515624999999 0.06489583333333332 0.02610937499999999
54 0.15990625 0.60284375 0.0643125 0.0410625
54 0.22781249999999997 0.639640625 0.08558333333333332 0.04171875000000003
55 0.19446875000000002 0.6208125 0.06114583333333337 0.04162500000000002
55 0.3031041666666666 0.6408437499999999 0.0712916666666667 0.045906249999999926
69 0.7795104166666667 0.80859375 0.4409791666666667 0.30728125000000006
