0 0.4260655737704918 0.5516796875000001 0.4412177985948478 0.8651718750000001
65 0.6113231850117096 0.5928046875 0.06700234192037469 0.029203124999999996
65 0.5745316159250586 0.5536796875000001 0.10081967213114751 0.03751562500000005
73 0.02877049180327869 0.1443515625 0.02297423887587822 0.089828125
73 0.04907494145199063 0.147203125 0.03927400468384075 0.09525
73 0.042131147540983606 0.24940625 0.04992974238875879 0.07403124999999999
73 0.04359484777517564 0.043453124999999995 0.024613583138173294 0.08690624999999999
73 0.041264637002341925 0.33984375 0.08252927400468385 0.11712499999999998
73 0.15434426229508197 0.35471874999999997 0.07407494145199062 0.19162499999999993
73 0.015515222482435597 0.0422578125 0.023161592505854804 0.08314062500000001
0 0.15757611241217798 0.0236875 0.055480093676815 0.03921875
0 0.8430444964871195 0.02825 0.041498829039812724 0.035437500000000004
