41 0.21101999999999999 0.23145645645645643 0.15564 0.3415915915915915
54 0.47772 0.44003003003003005 0.15688000000000002 0.20648648648648654
54 0.3233 0.48306306306306307 0.16275999999999993 0.24438438438438437
54 0.6376200000000001 0.3372822822822823 0.16408 0.1909009009009009
54 0.61293 0.13798798798798798 0.17437999999999998 0.22462462462462457
54 0.45123 0.15504504504504507 0.16013999999999995 0.2157357357357358
54 0.49759999999999993 0.2888288288288288 0.16007999999999994 0.1543543543543543
54 0.31149 0.3076726726726727 0.17049999999999998 0.1915015015015015
54 0.32882 0.18683183183183183 0.15380000000000005 0.2072972972972973
54 0.21900000000000003 0.2915015015015015 0.101 0.181981981981982
60 0.5 0.6096996996996997 1.0 0.7806006006006005
41 0.9771000000000001 0.15621621621621623 0.02744000000000002 0.27231231231231234
54 0.46186999999999995 0.6701351351351352 0.16605999999999999 0.17660660660660665
54 0.7334900000000001 0.5075525525525525 0.12534 0.1417117117117117
54 0.72112 0.6381681681681681 0.16079999999999994 0.1813813813813815
45 0.50554 0.7735735735735736 0.69016 0.3834234234234234
54 0.20434000000000002 0.421966966966967 0.13256 0.1611711711711712
54 0.46399999999999997 0.44744744744744747 0.756 0.6426426426426426
