34 0.4050833333333333 0.320625 0.17041666666666666 0.13453125
35 0.5859791666666667 0.6712343749999999 0.10608333333333342 0.06896875000000002
0 0.08357291666666668 0.2578359375 0.10427083333333334 0.09035937500000002
0 0.23399999999999999 0.1512109375 0.06779166666666667 0.053109375000000014
0 0.31579166666666664 0.138375 0.033791666666666664 0.02890625000000001
0 0.7363541666666668 0.130234375 0.0355833333333333 0.03206250000000001
0 0.8467083333333334 0.031992187500000005 0.05570833333333336 0.06398437500000001
0 0.8512395833333333 0.1457890625 0.033645833333333375 0.03632812499999999
0 0.31125 0.18048437500000003 0.05045833333333333 0.049125
0 0.3441875 0.17407031250000002 0.04908333333333331 0.05210937500000001
0 0.9354166666666668 0.20254687500000002 0.05791666666666673 0.06471875000000002
0 0.8887395833333334 0.20024999999999998 0.08743750000000006 0.06396874999999999
0 0.81353125 0.68703125 0.3724375 0.34443750000000006
0 0.28963541666666665 0.5814453125000001 0.4986875 0.475328125
0 0.6883541666666666 0.35164062500000004 0.12512500000000004 0.21140625000000005
