3 0.37310156250000004 0.788462441314554 0.21592187499999999 0.400586854460094
3 0.6671171875 0.5811971830985916 0.07567187500000006 0.21450704225352102
0 0.6942578125 0.45913145539906103 0.04473437499999999 0.12295774647887325
0 0.67665625 0.4083920187793427 0.012125000000000052 0.05593896713615021
51 0.4023046875 0.5717605633802817 0.03117187499999996 0.025962441314554052
51 0.39615625 0.5680399061032864 0.06768750000000001 0.035751173708920225
0 0.78340625 0.4106572769953052 0.03590625000000003 0.08014084507042246
0 0.8238515625 0.4128990610328639 0.02073437499999997 0.06612676056338035
3 0.7308359375 0.5647065727699531 0.06251562499999996 0.18453051643192492
0 0.631390625 0.442218309859155 0.027374999999999927 0.1235915492957747
