74 0.38120915032679736 0.21183823529411766 0.053856209150326795 0.056911764705882356
0 0.7240277777777777 0.7118382352941177 0.07808823529411768 0.23472222222222228
0 0.6330065359477124 0.7110212418300654 0.057581699346405335 0.24331699346405233
0 0.5702777777777777 0.7022140522875817 0.07101307189542483 0.16733660130718953
0 0.5502614379084967 0.669485294117647 0.04408496732026146 0.14008169934640524
0 0.5074428104575163 0.6698039215686274 0.06544117647058822 0.1582026143790849
0 0.36566176470588235 0.6647303921568628 0.051617647058823546 0.11616013071895426
0 0.3238398692810457 0.654109477124183 0.044281045751633996 0.11707516339869284
0 0.2743300653594771 0.6750571895424837 0.05297385620915035 0.14282679738562098
0 0.22576797385620917 0.6786519607843138 0.05392156862745101 0.15269607843137256
0 0.766593137254902 0.6149509803921569 0.025277777777777843 0.058431372549019533
0 0.6614705882352941 0.6239297385620916 0.00836601307189544 0.024264705882353077
24 0.7720098039215686 0.6763071895424837 0.03741830065359475 0.09163398692810454
26 0.38752450980392156 0.6859722222222222 0.021944444444444433 0.0496895424836602
0 0.8785947712418302 0.6183088235294116 0.014640522875817075 0.04763071895424831
0 0.7915196078431372 0.6372140522875818 0.0321568627450981 0.0833169934640523
26 0.6669934640522877 0.8017483660130719 0.04686274509803923 0.06094771241830066
0 0.5383986928104575 0.6225490196078431 0.1356209150326797 0.05882352941176472
