0 0.22043172690763052 0.1971953125 0.22186746987951803 0.336328125
0 0.4244277108433735 0.2276484375 0.22564257028112444 0.391609375
0 0.6021385542168676 0.27753125 0.18194779116465865 0.3528125
0 0.7045180722891566 0.69865625 0.458152610441767 0.3856562499999998
0 0.13970883534136547 0.5948125 0.07130522088353414 0.12978124999999996
43 0.6798192771084337 0.7724921874999999 0.037269076305220805 0.17923437499999995
46 0.36035140562249 0.448609375 0.11194779116465864 0.06534375000000003
46 0.2804718875502008 0.4438359375 0.26716867469879524 0.10279687500000001
53 0.4182429718875502 0.8885078125 0.6223092369477912 0.20270312499999998
41 0.528293172690763 0.5858593750000001 0.08481927710843373 0.09621874999999991
39 0.8170883534136546 0.3338515625 0.21060240963855426 0.322359375
41 0.40909638554216865 0.568609375 0.07971887550200801 0.09787499999999993
