0 0.25084375000000003 0.732875 0.26678125 0.5122916666666666
0 0.46642187500000004 0.502875 0.02662500000000001 0.05408333333333337
0 0.8056484374999999 0.7430520833333334 0.11254687499999994 0.5138958333333333
0 0.8447265625 0.5529999999999999 0.06757812500000004 0.1836666666666666
30 0.7705625 0.8942708333333333 0.2865312499999999 0.07162500000000005
30 0.4378359375 0.8678125 0.13301562499999997 0.04891666666666672
30 0.7788203125000001 0.8190208333333333 0.2797343750000001 0.09499999999999997
30 0.7820234374999999 0.9827708333333334 0.310109375 0.03370833333333334
0 0.3849375 0.69921875 0.11906249999999996 0.4965208333333334
0 0.5158281249999999 0.508375 0.005406249999999946 0.015291666666666703
0 0.392765625 0.6549375000000001 0.1005625 0.4186250000000001
0 0.5913515625 0.5314375 0.011765625000000002 0.02258333333333329
0 0.5720937500000001 0.5238541666666667 0.011656250000000035 0.02258333333333329
0 0.7262265625 0.68196875 0.10120312500000006 0.4179791666666666
0 0.0855546875 0.6901666666666667 0.171109375 0.6196666666666666
30 0.4642421875 0.9472916666666666 0.15476562500000002 0.10487500000000005
