5 0.47528125 0.6516875 0.62021875 0.5303333333333334
0 0.7233203125000001 0.7108125000000001 0.07039062500000004 0.32195833333333335
0 0.8359453125 0.6336979166666667 0.031390625000000116 0.05731249999999999
0 0.861984375 0.6469166666666666 0.019718750000000007 0.0844166666666667
0 0.8979296874999999 0.6188750000000001 0.01798437499999994 0.05025000000000002
0 0.9207109375 0.61859375 0.017953125000000014 0.04806250000000001
0 0.9523984375000001 0.7681770833333333 0.09520312499999994 0.4412708333333333
0 0.1513203125 0.7023541666666666 0.068234375 0.12912500000000005
0 0.0994140625 0.6980208333333333 0.06198437500000001 0.13937499999999992
0 0.8177812500000001 0.6397708333333334 0.016968750000000088 0.05179166666666668
0 0.78053125 0.6466979166666665 0.01968750000000008 0.04847916666666663
7 0.48639062499999997 0.47647916666666673 0.612625 0.8712916666666667
0 0.907296875 0.6260520833333334 0.01693750000000005 0.04427083333333337
0 0.7995546875000001 0.63653125 0.028828125000000093 0.07235416666666661
0 0.877375 0.7050937500000001 0.02418750000000003 0.0806041666666667
0 0.46718750000000003 0.715625 0.93125 0.35625000000000007
