0 0.6544687499999999 0.3640420560747664 0.28703124999999996 0.4943925233644861
0 0.11112499999999999 0.20764018691588784 0.05315624999999999 0.19747663551401867
0 0.4230625 0.22103971962616825 0.03296875000000005 0.15974299065420564
0 0.4917890625 0.2135280373831776 0.04607812499999997 0.1768224299065421
0 0.7309453125 0.19764018691588786 0.026953125000000022 0.06350467289719627
0 0.80728125 0.2159929906542056 0.04865625000000007 0.14745327102803735
0 0.346828125 0.23370327102803737 0.04112499999999997 0.13838785046728969
36 0.6847421874999999 0.6276985981308412 0.38935937499999995 0.1663317757009345
0 0.461890625 0.2543691588785047 0.028812499999999963 0.06257009345794395
0 0.0339609375 0.23892523364485982 0.008828125000000006 0.03485981308411218
36 0.14271093750000002 0.28545560747663556 0.028015625000000016 0.05609813084112153
36 0.4872578125 0.26503504672897193 0.019671875000000005 0.02595794392523365
36 0.7773515625 0.2706191588785047 0.018703125000000043 0.0419392523364486
36 0.408234375 0.29089953271028035 0.05074999999999996 0.013808411214953242
1 0.4611171875 0.2642056074766355 0.025203124999999993 0.03359813084112151
1 0.4948828125 0.26724299065420565 0.043640625000000044 0.027943925233644862
