1 0.726796875 0.5479750479846449 0.35428125 0.5717658349328214
1 0.9039531249999999 0.6122072936660269 0.13628125000000002 0.437236084452975
0 0.3541484374999999 0.47431861804222647 0.4037343749999999 0.7713243761996161
0 0.358125 0.3827927063339731 0.03509374999999998 0.06197696737044145
0 0.04767968749999999 0.3521785028790787 0.09489062499999999 0.03763915547024954
0 0.03740625 0.27332053742802304 0.042093750000000006 0.04779270633397317
36 0.4451328125 0.8712284069097889 0.10117187500000002 0.07662188099808065
1 0.95375 0.3042802303262956 0.09250000000000003 0.12295585412667945
8 0.5036015625000001 0.11064299424184262 0.01432812500000008 0.034683301343570075
0 0.5871171875000001 0.2795969289827255 0.020484375 0.061305182341650666
0 0.134171875 0.3815834932821497 0.09553125000000001 0.060902111324376174
0 0.050312499999999996 0.3965547024952015 0.08571874999999998 0.04101727447216891
8 0.48165625 0.11297504798464492 0.010562499999999975 0.03270633397312857
8 0.91653125 0.09272552783109406 0.019718750000000007 0.044568138195777346
8 0.6425624999999999 0.10414587332053743 0.026874999999999982 0.0366218809980806
8 0.4492890625 0.11465451055662187 0.010265625 0.03902111324376199
8 0.17615625 0.13320537428023033 0.015625 0.03581573896353167
8 0.052484375 0.13580614203454894 0.009999999999999995 0.02666026871401153
8 0.848125 0.09535508637236084 0.010312499999999947 0.040307101727447225
8 0.6794921875 0.11757197696737043 0.014859375000000008 0.013800383877159303
8 0.267859375 0.12386756238003838 0.013343749999999988 0.03909788867562379
1 0.9382734375 0.6739251439539348 0.12345312499999994 0.2987140115163147
