0 0.7779140625000001 0.7115317919075145 0.4329843750000002 0.5497687861271676
0 0.81190625 0.09351156069364161 0.017906250000000123 0.0265028901734104
0 0.42251562499999995 0.5146387283236994 0.45781249999999996 0.9234393063583815
34 0.24048437500000003 0.5985838150289018 0.108625 0.22254335260115604
35 0.5943046875 0.6913005780346821 0.05404687500000005 0.16497109826589595
0 0.5327109374999999 0.5799566473988439 0.08157812499999995 0.38286127167630046
0 0.150890625 0.6144364161849711 0.08971875000000001 0.4478901734104047
0 0.06984375 0.586907514450867 0.09440625 0.3699421965317919
0 0.063453125 0.3136849710982659 0.04671875 0.10968208092485549
0 0.2180625 0.1634971098265896 0.054531249999999976 0.10971098265895955
0 0.7752812499999999 0.09234104046242775 0.03293749999999995 0.06473988439306358
0 0.6347578125 0.5592485549132948 0.07570312499999998 0.19063583815028906
41 0.67903125 0.5985693641618497 0.01937499999999992 0.04708092485549131
56 0.8125390625 0.28958092485549136 0.05342187500000006 0.1005491329479769
56 0.8365859375 0.3107369942196532 0.023265624999999956 0.06112716763005782
56 0.86509375 0.2523121387283237 0.024562500000000043 0.030924855491329478
56 0.8835312499999999 0.21793352601156069 0.014624999999999999 0.019971098265895965
0 0.3031640625 0.5673554913294798 0.08079687499999999 0.12043352601156065
0 0.5841953125 0.634393063583815 0.060640625000000004 0.31445086705202313
0 0.49921875 0.4653179190751445 0.9984375 0.8265895953757225
