39 0.5797656250000001 0.21721875000000002 0.09378125000000004 0.41781250000000003
39 0.4126796875 0.14472916666666666 0.13135937499999994 0.2894583333333333
39 0.42632812499999995 0.3229166666666667 0.08649999999999997 0.2150416666666667
56 0.9306328125000001 0.20065624999999995 0.13873437499999997 0.3922708333333333
41 0.3608984375 0.6909270833333334 0.12720312499999997 0.22152083333333328
41 0.6689375 0.2500625 0.09409374999999998 0.17600000000000002
42 0.2010703125 0.3948125 0.202765625 0.06854166666666672
43 0.8643515625 0.5827604166666666 0.257203125 0.0873124999999999
43 0.18075000000000002 0.43586458333333333 0.24509375000000003 0.05422916666666666
42 0.906875 0.6026666666666667 0.18625000000000003 0.10137499999999999
60 0.5 0.49870833333333336 1.0 0.976625
