39 0.24982031249999997 0.7753738317757009 0.020234375 0.0657943925233645
39 0.2659765625 0.7749065420560748 0.010296874999999983 0.05724299065420557
36 0.2651953125 0.5034228971962617 0.08045312500000001 0.3130140186915888
36 0.8277343749999999 0.9344626168224299 0.12706249999999997 0.13107476635514026
0 0.235125 0.6075934579439253 0.09387499999999999 0.40009345794392526
0 0.4365703125 0.383142523364486 0.356171875 0.4426869158878505
0 0.4178125 0.6298014018691589 0.12437500000000001 0.34792056074766353
0 0.5898515625 0.6483177570093458 0.09167187500000007 0.3303271028037383
0 0.6634843749999999 0.522464953271028 0.08265624999999999 0.23595794392523367
0 0.49967187500000004 0.6732359813084112 0.09181249999999996 0.28212616822429903
0 0.07577343750000001 0.5460163551401869 0.127640625 0.3157710280373831
0 0.7104609375 0.8286915887850468 0.126046875 0.34261682242990654
0 0.8299218749999999 0.8098481308411215 0.12424999999999997 0.380303738317757
0 0.9525937499999999 0.8176635514018692 0.09446874999999999 0.3523831775700934
0 0.864640625 0.6525116822429907 0.03981250000000003 0.10189252336448607
0 0.1509375 0.621857476635514 0.07234374999999998 0.34969626168224305
36 0.0611328125 0.7714953271028038 0.122265625 0.07542056074766368
0 0.73003125 0.6492056074766355 0.08978124999999992 0.377803738317757
0 0.62578125 0.6822429906542056 0.18593749999999998 0.2850467289719626
