9 0.6505099999999999 0.3202933333333334 0.03077999999999992 0.07253333333333334
9 0.24186000000000002 0.27093333333333336 0.04888000000000006 0.11909333333333333
9 0.08005 0.2802133333333333 0.042140000000000004 0.12133333333333335
9 0.64007 0.3615733333333333 0.02858000000000005 0.06821333333333329
9 0.37593999999999994 0.4240933333333333 0.026199999999999946 0.057466666666666666
9 0.5010399999999999 0.42789333333333335 0.020040000000000002 0.05701333333333336
0 0.9483999999999999 0.6249333333333333 0.021480000000000055 0.041066666666666696
0 0.7664500000000001 0.63904 0.013979999999999992 0.036640000000000006
9 0.09353999999999998 0.40225333333333335 0.03876 0.07640000000000002
9 0.9068800000000001 0.42744000000000004 0.028120000000000034 0.04304000000000002
2 0.62874 0.6696933333333333 0.06763999999999992 0.03735999999999995
2 0.51935 0.9154666666666667 0.9613 0.14005333333333325
2 0.33115 0.6810933333333333 0.03581999999999996 0.03957333333333324
5 0.39261999999999997 0.6428266666666667 0.09996 0.11498666666666668
