0 0.34144444444444444 0.72503125 0.6761111111111111 0.5480937499999999
0 0.2360972222222222 0.655125 0.007861111111111097 0.014093750000000016
0 0.26173611111111117 0.656265625 0.007972222222222214 0.012281250000000021
0 0.8770972222222221 0.6885546875 0.0161944444444444 0.008796875000000037
0 0.9368194444444444 0.6905859375000001 0.012083333333333446 0.01482812500000008
0 0.5098472222222222 0.6684296875 0.007916666666666572 0.011609374999999922
0 0.925875 0.6890078125000001 0.007916666666666794 0.01570312500000004
0 0.8581527777777778 0.68490625 0.01158333333333339 0.01806249999999998
0 0.8452083333333333 0.6871328125 0.010472222222222105 0.008703125000000034
0 0.8908194444444444 0.6848671875 0.012805555555555626 0.016921874999999975
0 0.9106666666666666 0.6884296875 0.013222222222222246 0.017796875000000045
33 0.8182222222222222 0.25078125 0.13361111111111124 0.19959375000000001
0 0.901875 0.6868125 0.010249999999999981 0.014124999999999943
0 0.3030555555555556 0.657546875 0.009944444444444422 0.015093750000000017
0 0.5638888888888889 0.67265625 0.5722222222222222 0.0390625
