16 0.637235294117647 0.9184296875000002 0.5828 0.16204687500000003
16 0.41921176470588234 0.74684375 0.1760705882352941 0.19378125000000002
2 0.10889411764705882 0.7424062499999999 0.13463529411764705 0.054906250000000045
2 0.7451882352941177 0.758171875 0.08482352941176474 0.11943750000000009
0 0.5932235294117647 0.7303203125 0.2993411764705882 0.28595312500000003
0 0.2449764705882353 0.796078125 0.3009647058823529 0.40784374999999995
74 0.43584705882352937 0.172 0.2168705882352941 0.10309374999999997
2 0.058105882352941174 0.7495859375 0.11621176470588235 0.09495312499999997
26 0.7271058823529413 0.8207187499999999 0.0348705882352941 0.05631249999999988
26 0.12147058823529411 0.7920234374999999 0.1168235294117647 0.12232812500000001
