58 0.33446875 0.47328125 0.16793750000000002 0.4353125
58 0.5558359374999999 0.6201249999999999 0.07414062499999996 0.11254166666666654
56 0.6582656250000001 0.5962083333333333 0.14806249999999999 0.26825000000000004
57 0.20117968749999998 0.7349791666666667 0.276828125 0.4914166666666667
60 0.49467968749999996 0.7641875 0.21276562499999996 0.26712499999999995
41 0.8668515625000001 0.5830416666666667 0.015515624999999922 0.03179166666666666
41 0.8434609375 0.5716979166666667 0.024265624999999957 0.03402083333333328
56 0.34871875 0.52578125 0.15681250000000002 0.16518750000000004
75 0.5611328125 0.6500416666666666 0.042546874999999984 0.05283333333333329
41 0.8903359375 0.5829583333333334 0.0072968749999998694 0.031625000000000014
41 0.5193046875 0.7002708333333334 0.03395312500000003 0.06791666666666674
45 0.4722109375 0.63709375 0.03245312499999997 0.017895833333333333
45 0.4959296875 0.6711354166666665 0.078171875 0.052604166666666674
45 0.057054687500000006 0.93865625 0.07845312500000001 0.05985416666666665
56 0.5178125 0.5182708333333333 0.09678125000000004 0.14620833333333333
56 0.916203125 0.9094583333333333 0.16759374999999999 0.18108333333333337
75 0.317703125 0.6412708333333332 0.06153125000000004 0.10666666666666658
41 0.881140625 0.5795416666666666 0.010812499999999892 0.02474999999999994
57 0.6579609375 0.5945 0.15764062499999998 0.29374999999999996
57 0.3482109375 0.5340833333333334 0.14792187499999998 0.16175000000000006
