56 0.5536328125 0.3190941176470588 0.31635937499999994 0.4314588235294118
56 0.8520234375 0.3474352941176471 0.29595312500000004 0.459764705882353
56 0.1440078125 0.6393176470588235 0.288015625 0.698870588235294
56 0.4761328125 0.37492941176470584 0.233234375 0.27964705882352936
60 0.5813671875 0.7454823529411765 0.837265625 0.4762823529411764
0 0.26987500000000003 0.14575294117647059 0.08196875000000003 0.2579529411764706
52 0.60703125 0.7395999999999999 0.40781249999999997 0.19529411764705884
0 0.5477578125 0.23531764705882352 0.06379687499999998 0.18847058823529414
56 0.5881875 0.23327058823529412 0.023812500000000014 0.05901176470588235
56 0.6496249999999999 0.24865882352941177 0.02631249999999996 0.16489411764705883
56 0.28891406250000007 0.24595294117647057 0.09485937500000002 0.10908235294117646
56 0.20353125 0.2428588235294118 0.10693749999999999 0.11169411764705886
56 0.1081796875 0.2397764705882353 0.10810937499999998 0.11192941176470586
56 0.3649296875 0.2554 0.075078125 0.10444705882352945
