39 0.569671875 0.6743020833333334 0.0296249999999999 0.10339583333333335
39 0.6782890625 0.667 0.021546875000000076 0.027416666666666756
67 0.388328125 0.6776458333333334 0.03931250000000003 0.041583333333333306
39 0.9568750000000001 0.6331145833333334 0.011593749999999958 0.07322916666666657
60 0.6259921875 0.7629374999999999 0.4092031249999999 0.12158333333333338
0 0.18833593750000002 0.6359166666666667 0.36995312500000005 0.7017916666666666
0 0.9011250000000001 0.7112395833333334 0.19774999999999987 0.5730208333333333
41 0.4540078125 0.62709375 0.047296875000000016 0.08422916666666669
45 0.5341875 0.73421875 0.041031249999999964 0.0280625000000001
41 0.041921875 0.6211145833333334 0.014593749999999996 0.0370625
43 0.06040625 0.6263020833333334 0.0218125 0.05031249999999998
45 0.7009218749999999 0.3169270833333333 0.05493749999999997 0.030562499999999937
71 0.968828125 0.7379687500000001 0.06234374999999992 0.06402083333333342
0 0.393578125 0.6700416666666666 0.19593750000000004 0.635125
39 0.4965078125 0.6814166666666666 0.017859374999999955 0.08054166666666662
44 0.6064296874999999 0.6508958333333332 0.026203124999999994 0.025124999999999953
44 0.6311093750000001 0.6538333333333333 0.04178124999999999 0.054500000000000104
45 0.7004296875 0.28922916666666665 0.05623437499999995 0.036041666666666694
45 0.0351015625 0.6543125 0.029328125 0.02762500000000001
60 0.049476562499999995 0.6550520833333333 0.09510937499999998 0.10068750000000004
