56 0.10613333333333333 0.69731 0.21226666666666666 0.3363400000000001
0 0.28770666666666667 0.5842499999999999 0.48757333333333336 0.83126
65 0.08090666666666668 0.29742 0.07157333333333334 0.06016000000000005
41 0.11358666666666667 0.05694 0.018746666666666675 0.02416
41 0.14194666666666667 0.06301999999999999 0.026613333333333322 0.02216
41 0.16537333333333334 0.06336 0.019386666666666663 0.025999999999999995
41 0.08209333333333334 0.10881 0.019600000000000006 0.03706000000000001
41 0.10733333333333334 0.11262 0.02058666666666667 0.02751999999999999
41 0.12398666666666666 0.11219 0.013839999999999977 0.032659999999999995
40 0.14451999999999998 0.05679000000000001 0.020879999999999982 0.030580000000000003
40 0.16141333333333333 0.11532 0.017226666666666668 0.02792
56 0.7365333333333334 0.5816100000000001 0.26448000000000005 0.1859
40 0.10542666666666667 0.10864 0.022959999999999994 0.03740000000000002
40 0.12749333333333332 0.11256 0.019093333333333337 0.0358
45 0.5349866666666666 0.34316 0.050933333333333275 0.020480000000000054
41 0.18955999999999998 0.06336 0.023333333333333317 0.025080000000000012
41 0.08377333333333334 0.16708 0.023973333333333346 0.019680000000000003
41 0.0838 0.059980000000000006 0.020453333333333323 0.019400000000000008
