0 0.74769 0.5462162162162161 0.5046200000000001 0.8809009009009007
0 0.34946 0.5653153153153153 0.34572 0.8381981981981983
0 0.03443 0.5625075075075076 0.06886 0.6053153153153155
0 0.92579 0.19237237237237237 0.14842 0.38474474474474474
54 0.49008 0.5125825825825826 0.05671999999999999 0.0684084084084084
54 0.54833 0.7597897897897897 0.055339999999999945 0.08612612612612613
54 0.5245 0.7538888888888888 0.034359999999999946 0.07342342342342345
0 0.07707999999999998 0.8810510510510512 0.13319999999999999 0.20672672672672676
0 0.84326 0.1477327327327327 0.08728000000000002 0.2915015015015015
0 0.11181999999999999 0.030390390390390386 0.09544 0.06024024024024024
54 0.51644 0.7367417417417418 0.04712000000000005 0.04597597597597591
