18 0.5440234375 0.7483124999999999 0.29310937500000006 0.503375
18 0.303375 0.6042916666666668 0.284875 0.3948333333333334
2 0.6881640625000001 0.10202083333333334 0.14935937500000007 0.164875
2 0.9060390625 0.09819791666666666 0.16060937499999994 0.18643749999999998
2 0.9854609375 0.09465625000000001 0.029078125000000066 0.10818750000000002
18 0.1557890625 0.6071041666666667 0.311578125 0.35287500000000005
18 0.4700078125 0.5212916666666667 0.17657812500000003 0.320625
18 0.7963437499999999 0.596625 0.22415624999999995 0.44270833333333337
18 0.6507499999999999 0.5911249999999999 0.23021875000000003 0.4106249999999999
18 0.851125 0.49775 0.2966249999999999 0.29437500000000005
18 0.5751484375 0.4691354166666667 0.08876562499999996 0.07322916666666668
18 0.164875 0.5098541666666667 0.14315625 0.16200000000000003
18 0.27196875 0.41815625 0.12790625000000005 0.11731250000000004
18 0.2221328125 0.8759895833333333 0.444265625 0.24802083333333336
18 0.08025 0.5341875 0.16 0.10791666666666672
2 0.8058515625 0.07914583333333333 0.08929687500000005 0.11479166666666668
2 0.0445 0.03480208333333334 0.08884375 0.0689375
