24 0.622578125 0.7557395833333334 0.23496874999999995 0.32210416666666675
26 0.4118046875 0.6456666666666667 0.07623437499999997 0.21254166666666663
26 0.762625 0.6685729166666666 0.16337500000000005 0.15660416666666666
28 0.5577890625 0.9113125 0.23517187500000003 0.17737499999999995
0 0.32237499999999997 0.71265625 0.17078125 0.5746875
0 0.5437734375 0.5567291666666666 0.19979687500000004 0.29195833333333326
0 0.30678125 0.60484375 0.160875 0.4335624999999999
0 0.6781953125 0.5280625 0.09110937500000005 0.20245833333333335
0 0.818828125 0.548875 0.12131249999999993 0.2332083333333334
0 0.8991640624999999 0.6831458333333333 0.13651562500000003 0.6112500000000001
0 0.08046875 0.43713541666666667 0.076125 0.1063958333333333
26 0.8733046875000001 0.6869166666666667 0.07795312499999996 0.2984166666666668
26 0.6353203125 0.5757187500000001 0.0505468750000001 0.047395833333333304
0 0.072171875 0.7071666666666666 0.13353125 0.5820000000000001
28 0.49592187499999996 0.7847395833333333 0.06093750000000003 0.17447916666666663
