56 0.660794979079498 0.8155234375 0.4507531380753139 0.36435937499999993
56 0.6928556485355648 0.47971874999999997 0.10487447698744778 0.07109374999999996
7 0.304592050209205 0.366875 0.5993933054393306 0.5560937499999999
0 0.5566213389121338 0.5741562499999999 0.25876569037656894 0.20899999999999996
0 0.5937133891213389 0.3875546875 0.13131799163179914 0.20457812500000006
0 0.8189435146443516 0.3846015625 0.11889121338912123 0.09682812500000004
0 0.8941108786610878 0.3880859375 0.04780334728033475 0.09201562499999999
0 0.9585983263598327 0.44265625000000003 0.08280334728033467 0.0773125
0 0.8496966527196652 0.462078125 0.08219665271966525 0.041374999999999995
56 0.9237029288702929 0.6697031250000001 0.15259414225941426 0.24003125000000003
0 0.6642259414225942 0.3930390625 0.05564853556485361 0.10195312499999992
0 0.7916841004184101 0.3732265625 0.06985355648535563 0.12379687500000003
0 0.08095188284518828 0.6771874999999999 0.16190376569037657 0.15312499999999996
56 0.8563493723849372 0.5714921875 0.23713389121338913 0.20582812500000003
56 0.966673640167364 0.5133125000000001 0.06665271966527198 0.08506249999999993
0 0.7188284518828452 0.38534375 0.06338912133891217 0.09987499999999994
