31 0.5448829039812646 0.08634375 0.7611475409836064 0.09171875
0 0.382576112412178 0.1439609375 0.7148009367681499 0.220703125
0 0.8469789227166276 0.7855624999999999 0.01442622950819683 0.026812500000000017
0 0.015081967213114755 0.7600234375 0.03016393442622951 0.025609374999999934
0 0.08412177985948477 0.7452109375 0.03245901639344262 0.033109374999999996
0 0.3516042154566744 0.7689999999999999 0.029016393442622912 0.02387499999999998
0 0.4927634660421546 0.7915859375000001 0.03878220140515226 0.061921875000000126
0 0.3536651053864168 0.5184140625 0.020210772833723634 0.017984375000000052
0 0.7784777517564402 0.7619765625000001 0.01320843091334889 0.016359375000000065
0 0.5304332552693208 0.8012421875 0.021381733021077265 0.04373437499999988
0 0.5295901639344263 0.7673203125 0.021147540983606605 0.021390624999999996
0 0.46553864168618264 0.754765625 0.013325526932084275 0.011937499999999934
0 0.581744730679157 0.7698125 0.025456674473067875 0.0234375
0 0.5534309133489461 0.7676484375000001 0.03210772833723652 0.023046875000000022
0 0.48243559718969553 0.66484375 0.955503512880562 0.31718750000000007
