56 0.28571875 0.88775 0.21768749999999998 0.18366666666666676
56 0.1335078125 0.8126562499999999 0.08595312499999998 0.2728541666666665
0 0.23696875 0.7032604166666667 0.26212499999999994 0.48972916666666666
63 0.353546875 0.6078645833333333 0.13906249999999998 0.1341041666666667
63 0.5738125000000001 0.59971875 0.13571875 0.1105208333333334
64 0.4179296875 0.7114375 0.041109375000000004 0.026833333333333376
66 0.340796875 0.6896979166666667 0.12737500000000002 0.05343750000000003
66 0.3556796875 0.6506666666666666 0.09854687500000003 0.027249999999999996
26 0.45359374999999996 0.83803125 0.06921875 0.10081249999999997
73 0.41339843749999994 0.4569583333333333 0.05195312499999999 0.05149999999999999
73 0.0357734375 0.49905208333333334 0.014390625 0.043895833333333356
73 0.4126328125 0.534 0.04114062500000004 0.06645833333333329
73 0.3788671875 0.5224270833333333 0.026734374999999977 0.03527083333333336
73 0.46889062499999995 0.45010416666666664 0.05103124999999997 0.06499999999999995
73 0.4711718750000001 0.5300729166666667 0.05356250000000007 0.06652083333333325
73 0.5165390624999999 0.45071874999999995 0.04698437499999997 0.06664583333333335
73 0.4651875 0.36892708333333335 0.04459375000000004 0.05564583333333334
73 0.5574531249999999 0.45067708333333334 0.055499999999999994 0.06727083333333328
73 0.41765625 0.3661770833333333 0.04162500000000002 0.06064583333333329
73 0.03457031249999999 0.3168958333333334 0.06832812499999999 0.048541666666666705
73 0.0679453125 0.4335104166666667 0.007734375000000002 0.045812500000000034
56 0.45131249999999995 0.9426770833333333 0.05449999999999999 0.09547916666666667
56 0.39015625000000004 0.8291875 0.06959375000000001 0.15979166666666667
60 0.24867187500000001 0.9584375 0.49734375000000003 0.083125
0 0.11453906250000001 0.42370833333333335 0.042734375000000005 0.10983333333333334
0 0.7109531250000001 0.2554375 0.030156249999999996 0.06225
0 0.6844140625 0.2557916666666667 0.017828125000000083 0.05912500000000001
0 0.7967109375 0.5311979166666667 0.04176562500000003 0.058270833333333494
0 0.5621015625 0.4451354166666667 0.029484375000000007 0.06789583333333338
56 0.32339843749999997 0.6121874999999999 0.03123437499999998 0.0638333333333333
73 0.0356328125 0.37468749999999995 0.071265625 0.049208333333333354
0 0.6507890625 0.5847916666666667 0.122953125 0.2837916666666667
73 0.6460937499999999 0.25416666666666665 0.2640625 0.0875
