32 0.3126328125 0.44018390804597707 0.009765625 0.014620689655172436
32 0.7908593749999999 0.4409540229885057 0.01171875 0.016252873563218362
0 0.66434375 0.5440229885057472 0.23015624999999995 0.7652413793103449
0 0.9177812499999999 0.4417586206896552 0.11396874999999995 0.30328735632183906
0 0.43729687500000003 0.43948275862068964 0.10918749999999999 0.30319540229885056
38 0.56225 0.33582758620689657 0.10187499999999994 0.18875862068965515
38 0.877015625 0.46931034482758627 0.03165624999999994 0.08491954022988507
38 0.398828125 0.4680344827586207 0.03090624999999997 0.08425287356321837
38 0.07061718750000001 0.3324712643678161 0.10592187500000001 0.19220689655172418
0 0.1668359375 0.5480459770114943 0.227734375 0.7584367816091955
