8 0.7381718750000001 0.5056145833333333 0.042625000000000024 0.03293750000000001
8 0.5302734375 0.5050833333333333 0.033421874999999934 0.015374999999999972
8 0.40639843749999993 0.5015729166666667 0.046671874999999974 0.04277083333333326
8 0.583375 0.5184895833333334 0.03631250000000008 0.012479166666666708
8 0.31740625 0.4962708333333333 0.026687499999999975 0.012166666666666659
8 0.8573828124999999 0.5154270833333333 0.022828124999999977 0.012354166666666666
8 0.9121796875000001 0.5127708333333334 0.0251093750000001 0.013583333333333392
8 0.27565625000000005 0.51178125 0.04821875000000003 0.017020833333333263
8 0.9703359375 0.51125 0.014359375000000063 0.008958333333333401
8 0.8625468749999999 0.49945833333333334 0.021156249999999988 0.010958333333333348
25 0.2410078125 0.3191041666666667 0.482015625 0.4449583333333334
56 0.1665859375 0.8097708333333333 0.333171875 0.38045833333333334
56 0.36454687500000005 0.73521875 0.17159375000000004 0.31256249999999997
56 0.6595234375000001 0.7406041666666667 0.188265625 0.3052499999999999
56 0.16116406249999998 0.612625 0.158953125 0.06504166666666655
56 0.7453359375 0.6873541666666667 0.08310937500000004 0.10029166666666667
56 0.831890625 0.6897187499999999 0.07840625000000001 0.09939583333333335
8 0.32588281249999995 0.4939479166666667 0.006515624999999969 0.004854166666666715
56 0.0110703125 0.5900624999999999 0.022140625 0.05912499999999998
8 0.8872968749999999 0.49020833333333336 0.015093750000000017 0.008083333333333331
56 0.5113593750000001 0.7376562499999999 0.17337499999999995 0.3116875
