2 0.6073515625000001 0.7251647058823529 0.173109375 0.2966352941176471
2 0.1147421875 0.6261411764705882 0.216328125 0.17736470588235287
2 0.44125000000000003 0.5347647058823529 0.13881250000000006 0.08312941176470584
9 0.48942968749999993 0.08930588235294118 0.08704687499999991 0.17861176470588236
26 0.7355 0.7175411764705883 0.03471875000000013 0.07244705882352942
26 0.7784609375 0.5292117647058823 0.010171875000000052 0.03338823529411761
26 0.8544062499999999 0.7172235294117646 0.03678124999999999 0.06381176470588235
2 0.5197343750000001 0.5754588235294118 0.12115624999999997 0.13063529411764707
2 0.41993749999999996 0.44721176470588236 0.035312500000000024 0.019835294117647062
2 0.0970078125 0.49199999999999994 0.11520312499999999 0.05378823529411758
2 0.3432265625 0.6285294117647058 0.28651562500000005 0.22919999999999996
2 0.2298125 0.45903529411764704 0.06290625 0.04964705882352938
2 0.40025781250000003 0.4719294117647059 0.04614062499999999 0.0463058823529412
0 0.7945156249999998 0.7698470588235293 0.05456249999999996 0.19367058823529415
0 0.7392265625000001 0.7387764705882354 0.04417187499999997 0.19063529411764701
0 0.8783828125 0.7975764705882352 0.06426562499999999 0.22799999999999998
0 0.8282109375 0.7202352941176471 0.04476562500000003 0.19999999999999996
0 0.763578125 0.6413176470588235 0.04200000000000004 0.15811764705882358
0 0.7839843750000001 0.6372352941176471 0.03771875000000002 0.16341176470588248
0 0.36884375 0.4677058823529412 0.016500000000000015 0.059694117647058786
0 0.70590625 0.5887058823529412 0.029343750000000002 0.11360000000000003
0 0.7470312499999999 0.5921294117647059 0.034218749999999964 0.10218823529411769
0 0.8728671875 0.6216941176470587 0.028609374999999937 0.07289411764705889
0 0.8885546875000001 0.6150117647058824 0.021421875000000146 0.10776470588235287
2 0.0679453125 0.5560588235294117 0.135890625 0.10270588235294109
7 0.3409921875 0.39599999999999996 0.02757812500000001 0.03604705882352943
0 0.80165625 0.6027647058823529 0.02012500000000006 0.12124705882352937
2 0.3392421875 0.43184705882352936 0.02842187500000004 0.028070588235294125
7 0.300453125 0.4567411764705882 0.06309374999999995 0.0659529411764706
26 0.7783203125 0.724729411764706 0.01164062499999996 0.0386352941176471
26 0.87765625 0.5295294117647058 0.01231250000000006 0.018870588235294083
26 0.9728359375 0.6142235294117647 0.008140625000000123 0.035552941176470565
0 0.8812734375 0.5485764705882352 0.014796875000000043 0.030047058823529427
2 0.4703359375 0.4651294117647059 0.03807812500000002 0.038447058823529445
0 0.52578125 0.5635294117647058 0.9453125 0.36470588235294116
2 0.525 0.6447058823529411 0.934375 0.5270588235294118
