1 0.1445078125 0.9635609756097561 0.108734375 0.07287804878048776
5 0.5375937500000001 0.6808170731707317 0.2828125 0.2683170731707316
0 0.59259375 0.938719512195122 0.038000000000000034 0.1225609756097561
0 0.1437421875 0.9239268292682927 0.062984375 0.15034146341463417
0 0.5177499999999999 0.9430243902439024 0.04115624999999995 0.11395121951219522
0 0.8651171874999999 0.7600609756097563 0.025859374999999907 0.05680487804878054
0 0.9120078125 0.7591951219512196 0.03720312499999989 0.053560975609756034
0 0.8343437499999999 0.5254390243902438 0.022156249999999877 0.04492682926829261
0 0.6091249999999999 0.9237317073170732 0.022312499999999957 0.1277560975609755
0 0.9800390625 0.514890243902439 0.014328125000000025 0.043585365853658575
0 0.82346875 0.6522560975609757 0.017156249999999984 0.026170731707317096
0 0.28210156249999996 0.6120121951219513 0.027265625000000016 0.04543902439024383
2 0.1647109375 0.8160121951219513 0.19551562499999997 0.15378048780487807
2 0.18505468749999998 0.6766951219512195 0.14851562499999996 0.09978048780487803
2 0.254890625 0.6557926829268292 0.10353124999999996 0.0889512195121952
2 0.3457421875 0.6465731707317073 0.12760937500000002 0.09548780487804887
0 0.853171875 0.6710731707317074 0.022499999999999964 0.04165853658536589
0 0.7465234375 0.518390243902439 0.009640624999999958 0.05190243902439029
2 0.021718750000000002 0.7720731707317073 0.043437500000000004 0.09048780487804886
2 0.9005468750000001 0.6727439024390244 0.08131250000000001 0.11060975609756096
2 0.6656015625 0.5551707317073171 0.07114062499999996 0.05746341463414628
2 0.7660703125000001 0.6047804878048781 0.09857812500000007 0.09219512195121948
2 0.3926015625 0.6005487804878049 0.03542187499999999 0.039000000000000035
5 0.1410546875 0.5946585365853658 0.231328125 0.14287804878048782
5 0.264953125 0.47901219512195126 0.17240624999999998 0.044463414634146325
0 0.9353750000000001 0.5564512195121951 0.024406249999999963 0.044170731707317
2 0.7908984374999999 0.7604878048780488 0.155015625 0.1876585365853659
0 0.44921875 0.5426829268292683 0.8796875 0.1146341463414634
