7 0.5019921875 0.6199557522123894 0.903109375 0.51
0 0.14303125 0.5325368731563422 0.029374999999999984 0.17486725663716818
2 0.070015625 0.5918731563421828 0.04984374999999999 0.0464011799410029
2 0.089796875 0.5904424778761062 0.05525000000000001 0.04572271386430682
2 0.104421875 0.5924188790560472 0.026937500000000003 0.04507374631268435
2 0.0424296875 0.5925368731563422 0.055390625000000006 0.04442477876106188
2 0.983625 0.5684070796460177 0.03275000000000006 0.09421828908554575
0 0.22746093750000002 0.4972566371681416 0.029765625000000018 0.14212389380530982
0 0.21698437499999998 0.5992477876106195 0.044499999999999984 0.14958702064896756
0 0.19367187500000002 0.6038643067846607 0.051656250000000015 0.15752212389380538
0 0.3903203125 0.47426253687315634 0.029890625000000004 0.13371681415929193
0 0.28686718749999995 0.6014454277286135 0.04410937499999995 0.1652507374631269
0 0.36893750000000003 0.601637168141593 0.05724999999999997 0.2043952802359883
0 0.422921875 0.4558259587020649 0.038343750000000065 0.10221238938053095
0 0.39745312499999996 0.5967846607669618 0.04496875 0.19345132743362836
0 0.3388984375 0.5942477876106195 0.057546875 0.17988200589970504
0 0.27023437499999997 0.5975958702064896 0.044531249999999994 0.14581120943952797
0 0.2376015625 0.6016814159292034 0.04689062500000002 0.15120943952802357
0 0.45574218750000006 0.5165929203539823 0.017546875000000017 0.029823008849557464
0 0.49453125000000003 0.5619469026548672 0.9859375 0.2684365781710915
