56 0.15508254716981132 0.6290703125 0.2952122641509434 0.459078125
0 0.6136320754716981 0.5001484375 0.7727358490566038 0.977515625
0 0.07991745283018868 0.31732812499999996 0.1508254716981132 0.14243749999999997
53 0.5562853773584906 0.5078671875 0.5359198113207548 0.391015625
0 0.35911556603773587 0.2866640625 0.07158018867924526 0.099203125
26 0.8708962264150943 0.9473906249999999 0.2412264150943395 0.10521875000000003
39 0.18117924528301885 0.3477578125 0.024764150943396235 0.05289062499999997
0 0.28562499999999996 0.359703125 0.10483490566037731 0.19637499999999997
0 0.044221698113207544 0.3464140625 0.08844339622641509 0.07992187500000003
32 0.22941037735849057 0.1825078125 0.01198113207547169 0.006171874999999993
60 0.1700943396226415 0.49742187499999996 0.1899056603773585 0.07590624999999995
60 0.20431603773584905 0.36010937499999995 0.12056603773584906 0.03765625
60 0.11104952830188679 0.7794609375 0.21700471698113208 0.24326562500000004
26 0.25727594339622645 0.9130703125000001 0.5085613207547169 0.16732812500000005
56 0.9299174528301887 0.39521874999999995 0.14016509433962265 0.09006249999999999
