0 0.515734375 0.601125 0.5292187499999998 0.7752916666666667
0 0.152875 0.6644062500000001 0.1875 0.6013541666666667
54 0.3293359375 0.39178124999999997 0.11151562500000001 0.13497916666666665
24 0.18317187499999998 0.52046875 0.09543749999999995 0.18010416666666673
26 0.5994140625 0.7615729166666667 0.29904687500000005 0.4752291666666667
26 0.46179687500000005 0.9404479166666667 0.12134374999999997 0.09664583333333332
28 0.29521875 0.6134583333333332 0.03493750000000001 0.09249999999999992
62 0.703109375 0.3767395833333333 0.07065625000000009 0.06193749999999998
41 0.407640625 0.7573229166666666 0.09309375000000003 0.06881249999999994
55 0.329609375 0.39059374999999996 0.11112500000000003 0.1373125
