74 0.573384074941452 0.3992109375 0.03332552693208435 0.03539062500000001
26 0.6031264637002343 0.723578125 0.03252927400468386 0.03021874999999996
0 0.9742740046838407 0.6878437500000001 0.04836065573770487 0.09550000000000003
0 0.5874707259953162 0.702515625 0.04838407494145203 0.10534375000000007
0 0.9023419203747073 0.6772109374999999 0.034004683840749284 0.06317187499999999
0 0.8701288056206089 0.677375 0.03740046838407507 0.06325000000000003
0 0.5547306791569087 0.7000078125 0.034707259953161596 0.11045312499999993
0 0.9571311475409836 0.67784375 0.026393442622950847 0.08496875000000004
0 0.9305737704918031 0.68615625 0.02728337236533951 0.039968749999999886
0 0.31023419203747077 0.6776093750000001 0.017470725995316183 0.03615625
0 0.20209601873536298 0.6825078124999999 0.025644028103044503 0.04345312499999998
0 0.22798594847775178 0.684890625 0.027259953161592493 0.04084375000000007
0 0.502903981264637 0.699671875 0.03751756440281029 0.04762500000000003
26 0.882576112412178 0.6750781250000001 0.01081967213114754 0.028562500000000046
74 0.6399765807962529 0.39703125 0.037142857142857144 0.03518750000000004
