39 0.93315625 0.8904449648711944 0.08478125000000003 0.19747072599531612
39 0.9774765624999999 0.8221077283372366 0.04504687500000004 0.1913817330210772
56 0.23617187499999998 0.52903981264637 0.12399999999999997 0.0548477751756441
60 0.523578125 0.8597540983606557 0.9514062499999999 0.2533723653395784
60 0.66175 0.2522950819672131 0.17596875 0.09512880562060888
41 0.23876562500000004 0.868711943793911 0.06878125000000002 0.13817330210772838
41 0.2697421875 0.9029859484777517 0.07314062500000001 0.11857142857142855
41 0.15666406249999998 0.9463934426229508 0.077828125 0.10721311475409834
41 0.096359375 0.9368266978922717 0.07706249999999999 0.12634660421545663
44 0.3281015625 0.8034426229508196 0.033796875000000004 0.0692740046838407
45 0.6908750000000001 0.8962060889929743 0.23059375000000004 0.20758782201405146
45 0.37000781250000003 0.9309250585480093 0.292953125 0.13576112412177987
0 0.833390625 0.57884074941452 0.33321875 0.5798360655737705
0 0.857203125 0.3568501170960187 0.21884375 0.32854800936768147
0 0.33585156250000003 0.3270023419203747 0.17470312500000001 0.39503512880562064
0 0.83490625 0.18543325526932086 0.071125 0.10056206088992975
0 0.7908828125 0.2606791569086651 0.08545312500000002 0.20674473067915689
0 0.1960078125 0.4028922716627634 0.178671875 0.4603981264637002
0 0.9258124999999999 0.2719086651053864 0.06746874999999986 0.19327868852459015
0 0.1017265625 0.5125526932084309 0.203453125 0.4708665105386416
0 0.0442265625 0.24381733021077284 0.08545312499999999 0.12810304449648713
0 0.25360937499999997 0.23463700234192036 0.07203124999999999 0.17723653395784542
13 0.67721875 0.33298594847775176 0.15656249999999994 0.05234192037470725
13 0.233625 0.5292740046838408 0.12212499999999998 0.05901639344262294
13 0.1828359375 0.789168618266979 0.09592187499999996 0.1127166276346604
13 0.57621875 0.3277985948477752 0.048656249999999956 0.058735362997658025
45 0.841109375 0.9269906323185011 0.13265625000000003 0.13880562060889934
60 0.6599609375 0.3941334894613583 0.269671875 0.13585480093676816
60 0.662890625 0.3211241217798595 0.17803125000000009 0.07508196721311478
60 0.55990625 0.29871194379391103 0.06003125000000009 0.1035128805620609
60 0.2901328125 0.22155737704918033 0.029296875 0.01950819672131146
0 0.19125781249999999 0.21617096018735366 0.06107812499999998 0.14081967213114757
0 0.4199921875 0.18476580796252928 0.050640624999999995 0.06447306791569088
13 0.08878124999999999 0.7870725995316159 0.174125 0.19381733021077285
0 0.4865859375 0.4608665105386417 0.431734375 0.4849648711943795
44 0.6678593749999999 0.9040163934426229 0.05871875000000004 0.12231850117096033
41 0.8471875000000001 0.9657025761124122 0.10693750000000013 0.06859484777517566
0 0.29921875 0.18149882903981265 0.05156250000000001 0.10070257611241218
