2 0.2320234375 0.52925 0.39682812500000003 0.31220833333333337
2 0.7668125 0.48565625 0.4641249999999999 0.21972916666666675
2 0.664015625 0.4437395833333333 0.18925000000000003 0.07743749999999999
2 0.3492421875 0.48835416666666664 0.23154687500000007 0.17450000000000004
1 0.547578125 0.6584895833333333 0.13984374999999993 0.4069791666666666
1 0.37884375 0.6504583333333334 0.15228125000000003 0.4464583333333334
1 0.299140625 0.6403333333333333 0.1455625 0.45379166666666665
1 0.2375078125 0.6216666666666667 0.154515625 0.5034166666666666
1 0.7439453125000001 0.6496666666666667 0.10045312500000003 0.3343750000000001
1 0.467453125 0.6649270833333334 0.12615624999999997 0.4025208333333333
1 0.8263046875 0.6165624999999999 0.14942187500000004 0.3931249999999999
1 0.6798828125 0.6435729166666666 0.15776562500000002 0.39022916666666674
1 0.952375 0.8455104166666667 0.09525000000000006 0.3089791666666667
1 0.9251328125 0.62003125 0.1497343750000001 0.3459374999999999
1 0.06071875 0.7839583333333333 0.12125 0.2792499999999999
1 0.888203125 0.5531979166666666 0.06937499999999996 0.1578124999999999
