20 0.35154687500000004 0.4966276346604216 0.7030937500000001 0.9843091334894614
0 0.7827656249999999 0.767751756440281 0.2134999999999999 0.4644964871194379
0 0.9535390625 0.7112295081967214 0.09292187500000004 0.5505620608899298
0 0.8254375 0.5233372365339579 0.07918750000000008 0.285128805620609
0 0.7396796875 0.5115925058548009 0.071453125 0.32238875878220136
0 0.692671875 0.7571662763466043 0.09390624999999997 0.4836065573770493
0 0.559984375 0.7578805620608899 0.11543750000000008 0.46175644028103036
0 0.6123125 0.6699180327868852 0.08678125000000003 0.31337236533957846
0 0.5188046875000001 0.6806440281030446 0.04935937499999998 0.37974238875878236
0 0.302109375 0.7737822014051523 0.10643750000000002 0.4337002341920374
0 0.36214843750000003 0.7761007025761124 0.084078125 0.4255035128805621
0 0.459984375 0.7932084309133489 0.0859375 0.325807962529274
26 0.7715 0.8589812646370023 0.11796874999999996 0.15548009367681492
0 0.7959609375000001 0.5728688524590164 0.10089062500000001 0.1987587822014052
26 0.9531171875 0.6542037470725995 0.08339062499999994 0.2418032786885247
26 0.370421875 0.7179976580796253 0.04981249999999998 0.12255269320843087
26 0.4520859374999999 0.7643911007025761 0.04395312499999998 0.09529274004683841
