46 0.54078125 0.21335416666666668 0.1915 0.4231666666666667
46 0.36 0.17221874999999998 0.28587500000000005 0.33647916666666666
49 0.7086250000000001 0.33919791666666665 0.2905000000000001 0.3309791666666666
49 0.9155859375000001 0.48941666666666667 0.16882812499999988 0.4188333333333333
49 0.9075390624999999 0.17356249999999998 0.184921875 0.325
49 0.7463124999999999 0.17083333333333334 0.16515625 0.16079166666666667
49 0.6668828124999999 0.08753125 0.19048437499999993 0.1750625
47 0.411234375 0.41685416666666664 0.32359375 0.38874999999999993
49 0.9298515625000001 0.71371875 0.03448437500000012 0.11052083333333329
47 0.1353359375 0.3245 0.25973437499999996 0.3017916666666667
47 0.21601562499999996 0.709375 0.43096874999999996 0.58125
49 0.4165625 0.9292708333333334 0.06081250000000005 0.13883333333333336
47 0.6805937500000001 0.7178854166666666 0.51671875 0.5346875
