6 0.5016875000000001 0.5205138888888888 0.7605000000000001 0.4515833333333332
0 0.310734375 0.524375 0.054312499999999986 0.2623611111111111
0 0.255515625 0.4406388888888888 0.03425000000000003 0.08727777777777773
0 0.49734375 0.47058333333333335 0.015531249999999996 0.024277777777777787
0 0.5156484375 0.4663194444444444 0.02204687500000002 0.039194444444444476
0 0.7302890625 0.46799999999999997 0.021515625000000038 0.04205555555555557
0 0.6384375 0.46919444444444447 0.013656250000000036 0.03799999999999998
0 0.6583593750000001 0.4701666666666666 0.020718750000000008 0.03816666666666668
0 0.6862890625 0.46743055555555557 0.03767187500000002 0.043916666666666715
6 0.06975 0.5189583333333333 0.1395 0.2719166666666666
0 0.57328125 0.4728472222222222 0.011906250000000007 0.02669444444444441
