56 0.20912499999999998 0.8877411764705883 0.13474999999999998 0.2245176470588236
0 0.195359375 0.6332235294117647 0.39071875 0.7335529411764705
0 0.498046875 0.4290588235294117 0.2751875 0.6644235294117646
0 0.69746875 0.4708941176470588 0.2801562499999999 0.5028705882352942
41 0.45067187500000006 0.8790941176470588 0.08356250000000004 0.12359999999999993
44 0.32239843749999997 0.09945882352941177 0.031703125 0.19891764705882353
63 0.5476640625 0.7550588235294117 0.30742187499999996 0.19327058823529408
26 0.71765625 0.4676941176470588 0.20971874999999995 0.27712941176470585
26 0.8008515625000001 0.8531176470588235 0.3964843750000001 0.2889176470588236
24 0.8304921875 0.9055529411764707 0.33901562500000004 0.18889411764705877
43 0.6087890625 0.28409411764705883 0.021296874999999993 0.16094117647058823
43 0.582671875 0.2606588235294118 0.03384375000000006 0.1871529411764706
43 0.6281796875000001 0.2586588235294118 0.03173437499999998 0.16174117647058825
43 0.6423359375 0.2559529411764706 0.021609375000000042 0.12729411764705886
43 0.6603046874999999 0.25270588235294117 0.01701562499999998 0.10908235294117644
44 0.35638281250000003 0.07391764705882352 0.019046874999999963 0.13927058823529412
44 0.30739843749999995 0.18280000000000002 0.02317187500000001 0.04677647058823528
41 0.6825234375 0.7551764705882353 0.057890625000000084 0.15327058823529416
44 0.37254687500000006 0.0695529411764706 0.020406250000000015 0.13647058823529412
60 0.3949921875 0.8753176470588235 0.607140625 0.2129882352941176
