67 0.48333000000000004 0.36417417417417414 0.05417999999999995 0.09327327327327328
67 0.58782 0.48198198198198194 0.05615999999999999 0.12360360360360362
67 0.62107 0.29654654654654655 0.0700599999999999 0.10120120120120121
0 0.40915 0.5010060060060061 0.41213999999999995 0.9753453453453454
0 0.53885 0.27135135135135136 0.17809999999999998 0.536996996996997
0 0.11163 0.3935435435435436 0.13949999999999999 0.49927927927927934
0 0.13423 0.14920420420420424 0.07557999999999998 0.243933933933934
0 0.20428999999999997 0.3322072072072072 0.12721999999999997 0.6516816816816817
0 0.053130000000000004 0.5707957957957959 0.10326 0.7865165165165166
26 0.62102 0.738963963963964 0.28024000000000004 0.49090090090090094
26 0.06623000000000001 0.3317867867867868 0.11906000000000001 0.28753753753753764
26 0.15472999999999998 0.3799249249249249 0.05617999999999998 0.16063063063063066
26 0.06627 0.6585135135135135 0.13254 0.18849849849849853
