18 0.43472656249999997 0.5362529274004684 0.044765624999999976 0.02524590163934426
18 0.4720703125 0.5460187353629977 0.023078125000000005 0.02163934426229519
18 0.5587265625 0.5457025761124121 0.05604687500000005 0.0821311475409836
18 0.51753125 0.5205152224824356 0.026499999999999968 0.02384074941451997
18 0.626125 0.5527868852459017 0.02978124999999998 0.06674473067915698
18 0.5790703125000001 0.3651288056206089 0.014796875000000043 0.0187353629976581
18 0.9388281249999999 0.4072014051522248 0.011843750000000042 0.014637002341920391
18 0.8575390624999999 0.4145784543325527 0.009640624999999958 0.014262295081967247
18 0.9945703124999999 0.39673302107728337 0.010859375000000115 0.012435597189695557
18 0.8310703125 0.26923887587822015 0.0042343750000000124 0.006346604215456686
