27 0.1161953125 0.4235948477751756 0.07045312499999998 0.3797892271662763
27 0.5775625 0.40339578454332553 0.051406249999999876 0.22693208430913347
27 0.695171875 0.45464871194379397 0.040843749999999956 0.17459016393442628
0 0.8128671875 0.5600234192037471 0.37426562499999994 0.8780796252927401
0 0.4477734375 0.5024473067915691 0.43582812499999996 0.9951053864168619
0 0.29083593750000003 0.5348009367681499 0.578640625 0.9303981264637002
0 0.49893750000000003 0.07478922716627634 0.10881250000000003 0.146768149882904
0 0.86659375 0.10899297423887587 0.14993750000000006 0.21798594847775174
0 0.7346328125 0.06428571428571428 0.105421875 0.12857142857142856
0 0.5765859375 0.5135831381733021 0.4217343750000001 0.9481498829039813
0 0.26559374999999996 0.08080796252927401 0.07887499999999997 0.15585480093676815
0 0.21416406249999997 0.48936768149882903 0.345953125 0.841967213114754
0 0.140578125 0.39675644028103046 0.28115625 0.7877517564402811
0 0.042351562499999995 0.17669789227166277 0.084390625 0.35339578454332554
0 0.338 0.03823185011709602 0.07815625000000004 0.07646370023419204
0 0.958109375 0.0551639344262295 0.08378125000000003 0.10925058548009366
0 0.521875 0.2927400468384075 0.95 0.585480093676815
