36 0.41124 0.8792643051771116 0.23763999999999996 0.0753133514986376
0 0.20879 0.3246321525885558 0.021660000000000013 0.04861035422343324
2 0.5473 0.30440054495912805 0.08184000000000013 0.042098092643051754
9 0.5062 0.23809264305177114 0.02011999999999997 0.02702997275204358
24 0.53482 0.49776566757493185 0.08395999999999998 0.06544959128065397
26 0.11673 0.3943869209809264 0.031100000000000003 0.05340599455040873
0 0.57081 0.43509536784741143 0.09141999999999995 0.17166212534059944
0 0.70286 0.31427792915531333 0.08004 0.14501362397820158
0 0.8208899999999999 0.36352861035422346 0.04846000000000006 0.08662125340599452
0 0.34143999999999997 0.2996866485013624 0.05839999999999995 0.07403269754768393
0 0.27871 0.37388283378746595 0.05758000000000002 0.2579564032697549
0 0.9542299999999999 0.4376158038147139 0.05286000000000002 0.13217983651226156
0 0.20167000000000002 0.4418119891008175 0.09486 0.19021798365122622
0 0.24028 0.3249318801089919 0.04392000000000004 0.15351498637602184
0 0.6569400000000001 0.4396866485013624 0.09039999999999992 0.14743869209809274
0 0.7159599999999999 0.424441416893733 0.08087999999999995 0.1713896457765668
0 0.08691 0.3552724795640327 0.060180000000000004 0.17435967302452315
26 0.07605999999999999 0.3432425068119891 0.03163999999999999 0.07994550408719342
0 0.39924000000000004 0.5625068119891008 0.4153600000000001 0.6279019073569481
26 0.82477 0.3818392370572207 0.02189999999999992 0.05305177111716619
0 0.505 0.388283378746594 0.958 0.3079019073569482
