2 0.9213671875 0.7311647058823529 0.15726562499999996 0.21301176470588223
9 0.4573046875 0.3294705882352941 0.028140624999999975 0.08750588235294121
9 0.28015625 0.30608235294117647 0.026937500000000003 0.12280000000000002
9 0.060828125 0.2767294117647059 0.025812499999999988 0.10592941176470594
9 0.38753125 0.5209529411764706 0.021406250000000016 0.05409411764705885
9 0.29144531250000005 0.5313764705882353 0.012421874999999971 0.0524470588235294
0 0.58175 0.7176588235294117 0.03675000000000006 0.1876470588235294
9 0.062367187500000004 0.4712235294117647 0.030109375 0.038258823529411734
9 0.015671875000000002 0.22210588235294115 0.030875000000000003 0.08764705882352941
9 0.1886640625 0.5182705882352941 0.020796874999999992 0.06712941176470594
5 0.21542968750000002 0.6954 0.35745312500000004 0.21621176470588233
9 0.9261484375 0.4534941176470588 0.017390624999999993 0.04727058823529412
9 0.978328125 0.44056470588235297 0.020375000000000032 0.06235294117647061
0 0.6206015625000001 0.72 0.0270156250000001 0.1746352941176471
0 0.508484375 0.6904000000000001 0.044499999999999984 0.09877647058823535
0 0.1476484375 0.6264000000000001 0.03714062500000001 0.10503529411764712
0 0.37392187499999996 0.7337176470588236 0.02878124999999998 0.16776470588235293
0 0.2710078125 0.7415882352941177 0.08120312500000001 0.19663529411764713
2 0.25172656250000003 0.7453882352941177 0.20473437499999997 0.10428235294117638
