6 0.35753125 0.3242231075697211 0.706625 0.22693227091633464
6 0.9178124999999999 0.5799501992031872 0.16437500000000005 0.21340637450199207
6 0.8818515625 0.4450697211155379 0.2317031249999999 0.08802788844621512
8 0.406625 0.18947211155378485 0.11803124999999998 0.035956175298804766
8 0.5586015625 0.21041832669322713 0.09160937499999999 0.0406374501992032
26 0.4713593749999999 0.920109561752988 0.015281249999999968 0.018027888446215168
0 0.5237890624999999 0.9352091633466135 0.034984374999999956 0.06846613545816738
0 0.38703125 0.9427988047808765 0.03068749999999998 0.09878486055776903
0 0.8669218750000001 0.3572211155378486 0.017562499999999925 0.04260956175298802
0 0.36828906250000004 0.917988047808765 0.028609374999999992 0.08019920318725104
0 0.33925000000000005 0.9136454183266931 0.030843750000000003 0.11103585657370518
0 0.3034140625 0.867191235059761 0.03157812500000001 0.09231075697211144
25 0.22889062500000001 0.8111454183266932 0.04931249999999998 0.03217131474103585
25 0.1158046875 0.7177191235059761 0.04535937499999999 0.03424302788844624
25 0.13034375 0.6710458167330677 0.03593750000000001 0.03647410358565739
25 0.272734375 0.7663545816733067 0.040156250000000004 0.03633466135458163
26 0.47006249999999994 0.7926195219123506 0.007031249999999989 0.012609561752987997
26 0.5449999999999999 0.8250597609561754 0.009218749999999942 0.01936254980079688
0 0.8627265625 0.7298306772908366 0.03376562500000002 0.11750996015936255
0 0.6958125 0.93550796812749 0.025281250000000033 0.0724900398406374
0 0.7001171875000001 0.5997709163346614 0.017640624999999965 0.02639442231075695
0 0.43640625 0.7752390438247012 0.026062500000000044 0.09342629482071707
0 0.45862499999999995 0.7738745019920319 0.02421875000000001 0.08364541832669325
0 0.7892812500000002 0.6752390438247011 0.027843750000000056 0.05705179282868522
25 0.617953125 0.9077290836653387 0.058531249999999924 0.04434262948207168
25 0.672640625 0.9826494023904382 0.05906250000000002 0.034701195219123515
25 0.5371484375 0.7865338645418327 0.04217187499999997 0.03254980079681269
25 0.523828125 0.8361454183266932 0.04393749999999996 0.03201195219123498
25 0.211078125 0.8416434262948207 0.04874999999999999 0.034960159362549814
25 0.18228125 0.8161254980079682 0.045343750000000016 0.030258964143426326
25 0.12276562499999999 0.7289840637450199 0.04346875 0.0323107569721115
25 0.1451875 0.7754083665338645 0.04446875 0.027589641434263013
0 0.9105000000000001 0.7138645418326693 0.030062499999999992 0.07414342629482085
8 0.3476328125 0.1755179282868526 0.040078124999999964 0.039641434262948194
25 0.4825078125000001 0.8349701195219124 0.04282812500000005 0.04141434262948218
0 0.49921875 0.5697211155378487 0.9984375 0.8446215139442231
25 0.58515625 0.8266932270916334 0.7703125 0.3426294820717132
