2 0.8427578124999999 0.21358333333333332 0.19207812499999988 0.1687083333333333
2 0.58878125 0.2890104166666667 0.35693749999999996 0.29652083333333334
2 0.057398437499999996 0.47324999999999995 0.111828125 0.3677916666666666
3 0.49213281249999996 0.5258437499999999 0.40448437499999995 0.5618125
2 0.5654765625 0.13655208333333335 0.05129687500000002 0.015187499999999993
2 0.9911328125 0.1180625 0.01773437500000008 0.02541666666666667
2 0.710703125 0.12752083333333333 0.03562500000000002 0.019041666666666665
2 0.6575703125000001 0.12742708333333336 0.028390625000000003 0.016479166666666684
12 0.6584453125 0.19636458333333334 0.03554687499999998 0.11402083333333335
12 0.945078125 0.15659375 0.01996874999999998 0.057229166666666664
