0 0.6296718750000001 0.5017083333333333 0.06856249999999997 0.17433333333333328
0 0.6043671875000001 0.4781770833333333 0.03001562499999999 0.16585416666666664
0 0.6593671875 0.4742604166666667 0.03670312500000006 0.16418750000000004
0 0.4979765625 0.5606979166666667 0.04270312500000001 0.09739583333333335
0 0.46912499999999996 0.6206458333333333 0.08190624999999996 0.19466666666666665
0 0.1314921875 0.45522916666666663 0.026984375000000005 0.11562499999999998
0 0.5611250000000001 0.33116666666666666 0.012375000000000025 0.01983333333333337
0 0.6882421875 0.34492708333333333 0.01685937500000012 0.027312500000000073
26 0.0392421875 0.3813958333333333 0.013734374999999993 0.0222916666666666
28 0.306734375 0.8422083333333332 0.07293749999999999 0.08041666666666669
0 0.7893359375 0.42590625 0.033421875000000045 0.10202083333333334
0 0.9849062500000001 0.409625 0.02140625000000007 0.10970833333333335
26 0.07553125000000001 0.35819791666666667 0.0020937500000000053 0.013729166666666626
26 0.48995312500000004 0.49101041666666667 0.03700000000000003 0.02697916666666661
28 0.9080703125 0.60578125 0.05054687499999999 0.0663125
28 0.33239062499999994 0.7007083333333335 0.06887499999999996 0.05987500000000001
28 0.4017109375 0.4810833333333333 0.031890625000000006 0.058166666666666644
28 0.3974140625 0.87784375 0.08582812500000003 0.08947916666666667
28 0.39642968749999996 0.7986979166666667 0.07985937500000001 0.08052083333333337
28 0.5478828124999999 0.8156979166666666 0.07776562499999995 0.12606249999999997
28 0.6623359375 0.8571458333333333 0.08182812499999992 0.083125
28 0.839609375 0.7233749999999999 0.04674999999999996 0.09091666666666665
28 0.9355546875 0.9275104166666667 0.12810937500000008 0.14497916666666666
28 0.3631015625 0.4863645833333333 0.029390625000000004 0.013062500000000032
28 0.8128203125 0.6695312499999999 0.06820312499999992 0.11685416666666659
0 0.14353906249999998 0.40732291666666665 0.03189062499999998 0.07597916666666665
0 0.026359375 0.4926979166666667 0.0499375 0.13360416666666663
28 0.89578125 0.7572916666666667 0.060968749999999905 0.11262499999999998
0 0.606875 0.32237499999999997 0.01778124999999997 0.034416666666666706
26 0.016734375 0.4754791666666667 0.026 0.046999999999999986
0 0.465625 0.421875 0.86875 0.25625000000000003
28 0.49921875 0.49895833333333334 0.9984375 0.9979166666666667
