0 0.4739058823529412 0.4858125 0.46329411764705886 0.3924375
0 0.5446470588235295 0.0838984375 0.20830588235294117 0.167796875
0 0.5794470588235294 0.24406250000000002 0.23583529411764698 0.16106250000000003
0 0.19954117647058825 0.09896875000000001 0.18411764705882355 0.19793750000000002
50 0.05491764705882353 0.8105859375 0.10983529411764706 0.09176562499999996
50 0.05512941176470588 0.7133671875 0.09101176470588233 0.08092187500000003
51 0.8168470588235295 0.33885156250000004 0.04108235294117646 0.02082812500000003
51 0.8277882352941177 0.334515625 0.03552941176470592 0.017218750000000005
51 0.816164705882353 0.316984375 0.1045176470588236 0.03500000000000003
51 0.8889529411764706 0.2976640625 0.03795294117647052 0.01554687499999996
51 0.7099529411764705 0.3342578125 0.02094117647058813 0.008859374999999947
51 0.7250941176470589 0.3265390625 0.0599764705882353 0.02835937500000002
0 0.8202352941176471 0.09438281249999998 0.17609411764705873 0.186015625
50 0.11708235294117647 0.7613203125 0.15821176470588233 0.09176562500000007
