6 0.5 0.5 1.0 1.0
0 0.6014453125 0.65161800486618 0.338359375 0.6752554744525547
0 0.4830546875 0.4247810218978102 0.189953125 0.29861313868613143
5 0.503609375 0.5011192214111923 0.99278125 0.9977615571776156
67 0.45304687499999996 0.6232725060827251 0.04024999999999995 0.0848905109489052
0 0.9802109375 0.4541240875912409 0.03957812500000002 0.22615571776155724
0 0.27273437500000003 0.46234793187347933 0.13318750000000001 0.22591240875912405
0 0.8583671874999999 0.46905109489051094 0.10173437500000004 0.2227737226277372
0 0.768046875 0.4293917274939173 0.12874999999999992 0.281021897810219
0 0.1083984375 0.4402189781021898 0.06970312500000002 0.27557177615571776
