7 0.5024609375 0.70290625 0.994171875 0.5721875000000001
0 0.725453125 0.2302395833333333 0.19468750000000012 0.4176041666666666
0 0.9215546875 0.33690625 0.15689062499999995 0.3047291666666667
0 0.5553359375 0.9089895833333335 0.09270312499999989 0.1550625
0 0.6230234375 0.36191666666666666 0.04895312499999993 0.16275000000000006
0 0.8840625 0.4245 0.078125 0.1393333333333333
2 0.42134375 0.6067395833333333 0.42471875000000003 0.4089791666666666
20 0.26109375 0.3150625 0.02300000000000002 0.04683333333333334
0 0.424453125 0.8611666666666666 0.24796875000000002 0.19466666666666677
0 0.80140625 0.3746041666666667 0.05671874999999993 0.10812500000000003
0 0.8323906249999999 0.3372291666666667 0.06481250000000005 0.09108333333333335
20 0.6003359375 0.3101770833333334 0.02204687500000002 0.037312500000000026
20 0.35940625000000004 0.3124583333333333 0.03837499999999999 0.05433333333333329
20 0.4029296875 0.30681250000000004 0.05901562499999996 0.06420833333333331
20 0.5122265625 0.29804166666666665 0.02873437499999998 0.042541666666666644
20 0.32149218749999997 0.27967708333333335 0.022171875000000008 0.036395833333333405
20 0.14220312499999999 0.28441666666666665 0.01168749999999999 0.028583333333333294
20 0.3274453125 0.3157916666666667 0.030484374999999952 0.04062500000000002
20 0.0803046875 0.2995729166666667 0.014984374999999994 0.03110416666666671
20 0.1016640625 0.29309375 0.020984375 0.03960416666666666
20 0.29150781249999996 0.32277083333333334 0.013734374999999965 0.025041666666666684
20 0.29235937500000003 0.27875 0.01618750000000002 0.03079166666666666
20 0.2666015625 0.296625 0.02604687499999997 0.03475
0 0.6020078125 0.8763229166666666 0.19020312500000003 0.24689583333333331
