2 0.15160493827160493 0.5389375000000001 0.2390123456790123 0.15350000000000003
0 0.6385185185185185 0.5299140625 0.29249382716049377 0.343109375
0 0.45276543209876546 0.5433046875 0.20172839506172846 0.435953125
26 0.7502592592592592 0.5684375 0.12170370370370376 0.18553124999999998
2 0.9343456790123457 0.5198906249999999 0.13130864197530867 0.20834374999999994
2 0.846320987654321 0.506515625 0.16750617283950608 0.12131249999999993
0 0.6643456790123456 0.390125 0.1922962962962963 0.12853124999999999
26 0.22312345679012346 0.541171875 0.08066666666666666 0.0874375
2 0.022950617283950616 0.5338750000000001 0.041111111111111105 0.13009375
12 0.49429629629629634 0.53959375 0.1675061728395062 0.16921874999999997
0 0.3119506172839506 0.603890625 0.14775308641975307 0.40259375000000003
