2 0.1898515625 0.40788541666666667 0.379703125 0.36643749999999997
2 0.9320468749999999 0.2586145833333333 0.09484375 0.08714583333333334
2 0.8412187499999999 0.24251041666666667 0.04959374999999999 0.054645833333333366
2 0.86796875 0.21717708333333335 0.01837499999999992 0.025062500000000015
2 0.3665234375 0.23045833333333332 0.11782812499999995 0.08837499999999998
0 0.28744531249999994 0.22030208333333332 0.05542187500000001 0.11464583333333328
0 0.3099609375 0.21797916666666667 0.038640624999999984 0.10045833333333334
7 0.5165703125 0.47190625 0.763484375 0.7910208333333334
0 0.3657421875 0.2285625 0.04107812500000002 0.0987916666666667
0 0.226140625 0.2302708333333333 0.04221875000000003 0.11529166666666665
0 0.34903906250000005 0.21983333333333333 0.028390625000000058 0.102375
2 0.9813515625 0.35133333333333333 0.03729687500000001 0.17100000000000004
2 0.21316406250000003 0.20413541666666665 0.120296875 0.05172916666666666
2 0.1146015625 0.2555833333333334 0.229203125 0.1267916666666667
25 0.9423671874999999 0.20665624999999999 0.02845312500000008 0.012395833333333356
25 0.8598828125 0.20278125000000002 0.02829687500000011 0.009229166666666677
25 0.8358203124999999 0.2029375 0.03439062500000001 0.018374999999999975
25 0.9768984375 0.20630208333333333 0.014140625000000018 0.007937500000000014
25 0.9656796875 0.20847916666666666 0.01789062500000005 0.01849999999999999
25 0.9099609375 0.20038541666666665 0.03248437500000001 0.018395833333333333
