31 0.21372365339578453 0.5806484375 0.171288056206089 0.694234375
31 0.28723653395784543 0.5665234375 0.21409836065573773 0.692796875
31 0.4973887587822014 0.5160078125 0.2110304449648711 0.658640625
31 0.5615925058548009 0.499609375 0.19456674473067914 0.6474375000000001
31 0.4446252927400468 0.5350234375 0.21173302107728337 0.6612968749999999
31 0.657903981264637 0.4750234375 0.20882903981264633 0.6196718749999999
31 0.7210070257611241 0.467234375 0.20847775175644034 0.60434375
31 0.7615925058548009 0.455296875 0.20374707259953162 0.602
31 0.13359484777517563 0.4718671875 0.13740046838407494 0.6196718749999999
31 0.3830327868852459 0.5555546874999999 0.1665339578454333 0.637046875
31 0.6203981264637002 0.49559374999999994 0.19156908665105388 0.635
