2 0.48000000000000004 0.8537187500000001 0.0488167053364269 0.04899999999999993
2 0.41155452436194895 0.8578593749999999 0.07675174013921121 0.042906250000000035
2 0.12356148491879351 0.855 0.08406032482598609 0.05237499999999995
0 0.8787122969837587 0.8990546875000001 0.07222737819025515 0.09729687499999995
0 0.9436890951276102 0.9024453124999998 0.061020881670533655 0.08557812499999995
0 0.7772853828306264 0.9032109374999999 0.06348027842227388 0.08145312500000002
9 0.49533642691415314 0.5440234374999999 0.21271461716937362 0.320609375
13 0.33375870069605573 0.9226328124999998 0.13600928074245938 0.054515624999999956
0 0.43012761020881674 0.84153125 0.024941995359628766 0.03387499999999988
0 0.4691763341067285 0.83678125 0.02025522041763339 0.02818749999999992
2 0.2609860788863109 0.8579765625 0.043967517401392125 0.04626562500000009
1 0.031531322505800465 0.9203671874999999 0.06306264501160093 0.08164062500000002
9 0.8174245939675173 0.49090625000000004 0.13679814385150801 0.22275000000000011
13 0.912122969837587 0.926984375 0.15839907192575398 0.030781249999999982
0 0.2508816705336427 0.9148984375 0.07002320185614849 0.08014062499999997
13 0.21134570765661254 0.9283125000000001 0.11614849187935036 0.06574999999999998
