60 0.9082343749999999 0.41700781249999996 0.08943749999999995 0.026890625
0 0.3981640625 0.32785937499999995 0.01835937500000001 0.06271874999999999
0 0.5760000000000001 0.38431249999999995 0.0789375 0.18806249999999997
0 0.4810859375 0.3443359375 0.03151562500000005 0.070671875
0 0.4352890625 0.355828125 0.041390625000000014 0.11124999999999996
0 0.343546875 0.35267187499999997 0.04831249999999998 0.12921875
0 0.6979843749999999 0.3534609375 0.0536875 0.13870312500000004
0 0.385390625 0.36181250000000004 0.02975 0.13
0 0.5261484375000001 0.37312500000000004 0.03857812500000002 0.09818750000000004
0 0.8998671874999999 0.354046875 0.04182812499999988 0.07206249999999997
25 0.35589843749999994 0.2899453125 0.069953125 0.021921875000000035
25 0.6986171875 0.2853671875 0.11667187500000009 0.06939062500000004
25 0.5038828125 0.302375 0.05395312499999999 0.02734375
25 0.48838281250000004 0.2950859375 0.026640624999999973 0.016453124999999957
25 0.560875 0.30882031249999997 0.10609374999999999 0.050796874999999964
25 0.4476953125 0.293234375 0.06479687499999998 0.029031249999999953
25 0.409453125 0.2973828125 0.020156250000000042 0.010078124999999938
56 0.7331406249999999 0.36284375 0.04065624999999995 0.05096875000000001
60 0.85659375 0.3996875 0.09221875000000002 0.014781249999999968
56 0.7759609375000001 0.35755468749999997 0.0388281250000001 0.043390625000000016
60 0.78125 0.39142187500000003 0.09006250000000005 0.028874999999999984
26 0.5883046875 0.36047656249999993 0.04770312499999996 0.07110937499999997
26 0.49408593750000007 0.340453125 0.010703125000000036 0.015218750000000059
0 0.957296875 0.3555390625 0.0854062499999999 0.07960937499999998
0 0.883109375 0.38809375 0.10643749999999996 0.11793750000000003
1 0.029703125 0.46965625 0.058562499999999997 0.07593750000000005
1 0.015984375000000002 0.4313828125 0.03175 0.07067187499999994
56 0.764734375 0.4273671875 0.06265624999999997 0.09201562499999999
0 0.40985937499999997 0.3307265625 0.014781249999999968 0.060171874999999986
0 0.9809609375 0.33110937500000004 0.019390624999999995 0.03303125000000001
