47 0.530375 0.24054166666666665 0.18690624999999994 0.26216666666666666
47 0.52634375 0.816125 0.25490624999999995 0.29270833333333335
47 0.7385078125 0.8125 0.20342187499999997 0.28774999999999995
50 0.7464765625 0.24883333333333335 0.21126562500000012 0.3755833333333334
51 0.32592968749999995 0.2453645833333333 0.16248437499999996 0.16381249999999997
51 0.4614375 0.43826041666666665 0.16465625000000006 0.07843750000000005
51 0.2826796875 0.46101041666666664 0.104609375 0.051812499999999984
51 0.21975 0.32046875 0.059406249999999994 0.06806250000000003
51 0.5040859375 0.40561458333333333 0.16660937500000006 0.06564583333333329
51 0.502171875 0.361 0.08737500000000004 0.05291666666666667
51 0.3979453125 0.3030729166666667 0.427359375 0.3403541666666667
