38 0.5636484374999999 0.6141041666666667 0.03295312500000003 0.05991666666666673
0 0.139546875 0.5878020833333333 0.040156250000000004 0.13989583333333344
0 0.06693750000000001 0.5793854166666667 0.031875 0.13006249999999997
0 0.21085156249999998 0.46927083333333336 0.025390625 0.046791666666666676
56 0.1850390625 0.6008541666666667 0.04720312500000001 0.05612499999999998
56 0.24434375 0.5972916666666666 0.03193750000000001 0.05279166666666657
56 0.1568984375 0.5970416666666667 0.013484374999999993 0.06629166666666664
0 0.537625 0.41436458333333337 0.02618749999999992 0.11197916666666669
0 0.50509375 0.4180520833333333 0.03049999999999997 0.11164583333333333
0 0.2602890625 0.4869375 0.03695312500000003 0.0776666666666666
0 0.2269140625 0.4924166666666667 0.02710937499999999 0.07300000000000001
0 0.11516406250000001 0.5831250000000001 0.03314062500000001 0.13816666666666666
0 0.64278125 0.40794791666666663 0.02746874999999993 0.10885416666666664
0 0.6290859375 0.6781354166666667 0.11045312500000004 0.13956250000000003
0 0.1102734375 0.46753125 0.024515625000000013 0.09252083333333327
0 0.6427031249999999 0.4448229166666666 0.009187500000000015 0.020645833333333308
13 0.326625 0.4788541666666667 0.027406249999999965 0.013416666666666688
32 0.24517187499999998 0.6144479166666665 0.01590625000000001 0.011354166666666665
32 0.0893828125 0.5702499999999999 0.004453125000000002 0.006041666666666612
0 0.35784375 0.46140625 0.015531249999999996 0.04027083333333331
0 0.346875 0.4072916666666667 0.6437499999999999 0.23125
