2 0.8994375 0.6190937499999999 0.201125 0.15056249999999993
2 0.214546875 0.6201666666666668 0.07737500000000003 0.12379166666666674
2 0.74365625 0.5922395833333334 0.1283749999999999 0.11793749999999992
2 0.6479999999999999 0.5954791666666666 0.08774999999999988 0.08470833333333327
5 0.4308984375 0.5501354166666667 0.14617187500000006 0.1632708333333333
0 0.5793437499999999 0.5594375 0.010187500000000016 0.056916666666666615
2 0.6187968749999999 0.5608020833333334 0.06171874999999993 0.03872916666666659
2 0.8109140625 0.592 0.07504687499999996 0.09854166666666675
2 0.2673203125 0.5354895833333333 0.02595312500000002 0.03352083333333333
0 0.47303125 0.5365520833333333 0.0239375 0.03789583333333335
2 0.5260468749999999 0.5665 0.052781249999999946 0.05195833333333333
58 0.1784609375 0.8380937499999999 0.20982812499999998 0.2511041666666666
