28 0.5164479166666667 0.5611718749999999 0.20564583333333336 0.10390624999999998
28 0.90384375 0.3383359375 0.1867291666666666 0.04710937500000001
28 0.88321875 0.2971328125 0.12277083333333327 0.055640625000000055
0 0.7372395833333334 0.41646874999999994 0.31181250000000005 0.33165624999999993
0 0.5656458333333334 0.364421875 0.1669166666666667 0.2859375
0 0.2884791666666667 0.33467187500000006 0.1589166666666667 0.16768750000000004
0 0.3243229166666667 0.8085546875 0.5525625000000001 0.38289062500000004
0 0.18975000000000003 0.271109375 0.080875 0.13009375
0 0.13964583333333333 0.53278125 0.19408333333333333 0.48165625000000006
0 0.26278124999999997 0.635515625 0.3517708333333333 0.4009999999999999
0 0.11113541666666665 0.25490625 0.05260416666666666 0.10671875000000003
0 0.11933333333333333 0.2847421875 0.17208333333333334 0.174046875
28 0.4083854166666667 0.4692343750000001 0.22747916666666673 0.08365625000000004
28 0.9375104166666667 0.36212500000000003 0.12497916666666664 0.025999999999999968
28 0.4176458333333333 0.41456249999999994 0.206125 0.04765625000000001
28 0.95228125 0.29772656249999996 0.09543749999999995 0.054765624999999984
