1 0.25583333333333336 0.9074296875 0.05270833333333336 0.10745312499999993
1 0.09497916666666666 0.9076249999999999 0.12283333333333332 0.09921875000000002
1 0.18159375 0.8661796875000001 0.06897916666666665 0.10310937499999995
1 0.4236458333333333 0.871703125 0.04662499999999997 0.08484375
24 0.25467708333333333 0.8191015625 0.047937499999999994 0.06967187500000005
24 0.04577083333333334 0.7951640625 0.08629166666666667 0.06823437499999996
0 0.38938541666666665 0.8688281249999998 0.036520833333333336 0.10075
0 0.3527916666666667 0.812390625 0.025041666666666684 0.04849999999999999
0 0.4539270833333333 0.84875 0.05693750000000003 0.15281250000000002
0 0.5626979166666667 0.8231796874999999 0.04110416666666672 0.10098437500000002
0 0.12860416666666666 0.8254453125000001 0.10416666666666664 0.1459218750000001
24 0.145625 0.7967109375000001 0.05379166666666667 0.04504687500000004
0 0.03542708333333333 0.8400624999999999 0.07085416666666666 0.20609375000000008
0 0.24035416666666665 0.8622890624999999 0.09537499999999996 0.17704687499999994
0 0.07145833333333333 0.8401640625 0.03787499999999999 0.1988906250000001
0 0.5060520833333333 0.824265625 0.04677083333333332 0.08987500000000004
0 0.22220833333333334 0.7888828125 0.01987500000000003 0.02276562500000001
0 0.33096875 0.8060546875 0.021645833333333364 0.04923437499999994
0 0.14584375 0.7758437499999999 0.039895833333333325 0.04234375000000001
0 0.3970208333333333 0.8040625 0.021458333333333357 0.03275000000000006
1 0.8232916666666666 0.2529296875 0.0784583333333333 0.035609375
