0 0.523078125 0.5830277777777778 0.05434374999999991 0.18411111111111117
0 0.63003125 0.5858194444444444 0.03975000000000006 0.19180555555555556
36 0.6605624999999999 0.6632361111111111 0.04281250000000003 0.02124999999999999
36 0.510859375 0.6748888888888889 0.02424999999999994 0.021333333333333315
0 0.4647734375 0.5512777777777778 0.02154687500000002 0.11649999999999999
0 0.6503359375 0.5659027777777779 0.023296875000000106 0.21869444444444452
36 0.42963281249999996 0.6506527777777777 0.024265624999999957 0.01824999999999999
0 0.47275781250000004 0.5457222222222222 0.012171875000000054 0.10155555555555557
0 0.317703125 0.5490277777777777 0.01924999999999999 0.12494444444444441
0 0.2367734375 0.5768194444444446 0.020796874999999992 0.08669444444444452
0 0.26353125 0.5719583333333333 0.027593750000000028 0.08775
0 0.2939609375 0.553375 0.028765625000000017 0.12730555555555545
0 0.1280625 0.5699027777777778 0.02768749999999999 0.11486111111111108
14 0.8955859374999999 0.3885833333333334 0.013265625000000059 0.01611111111111113
0 0.6695546875 0.5700000000000001 0.025328124999999924 0.19605555555555554
0 0.15989062499999998 0.5769027777777778 0.027374999999999983 0.08702777777777781
