56 0.9037421875 0.7216978922716627 0.19251562500000008 0.5346838407494146
60 0.3548984375 0.877248243559719 0.378140625 0.24550351288056205
0 0.60946875 0.6285245901639345 0.48128124999999994 0.7101170960187354
0 0.4000703125 0.40450819672131144 0.21620312500000005 0.5586651053864169
0 0.28351562500000005 0.4381733021077283 0.20731250000000007 0.49545667447306796
0 0.0676171875 0.4448126463700234 0.12923437499999998 0.3265807962529273
42 0.250875 0.888384074941452 0.22384375 0.05283372365339578
45 0.3230703125 0.747751756440281 0.165296875 0.128384074941452
45 0.15092187499999998 0.6900117096018736 0.07590625 0.061007025761124045
45 0.016421875000000002 0.7272833723653396 0.029843750000000002 0.13423887587822014
45 0.28040624999999997 0.5874941451990632 0.08953125 0.05714285714285716
56 0.8160546875000001 0.7738290398126464 0.19429687500000004 0.4523419203747072
60 0.12219531250000001 0.8584192037470726 0.24139062500000003 0.26067915690866506
56 0.6420546874999999 0.5077868852459017 0.07451562499999997 0.1116861826697893
56 0.6984921875000001 0.5108665105386416 0.15898437500000007 0.15690866510538637
