67 0.35618 0.7082133333333334 0.12812 0.09120000000000006
56 0.19233 0.71704 0.38466 0.5375999999999999
0 0.8705 0.7067466666666667 0.25112 0.55504
63 0.71875 0.6722933333333333 0.3935799999999998 0.4324266666666667
63 0.31686 0.5179733333333334 0.23931999999999998 0.30335999999999996
63 0.5327599999999999 0.5412133333333333 0.18547999999999998 0.33015999999999995
63 0.71616 0.39626666666666666 0.15111999999999992 0.2885333333333333
58 0.43246999999999997 0.22442666666666666 0.16357999999999995 0.37951999999999997
60 0.5675699999999999 0.6002266666666667 0.7905399999999999 0.42791999999999997
56 0.2077 0.37752 0.20823999999999998 0.3649066666666666
56 0.7412799999999999 0.33514666666666665 0.24224 0.22479999999999997
56 0.9566 0.96068 0.08679999999999999 0.07864000000000004
