1 0.9552421875 0.7783818770226538 0.08951562499999999 0.2485436893203884
1 0.8325546875000001 0.8023300970873787 0.13089062500000004 0.15805825242718452
1 0.6126171874999999 0.7371844660194176 0.06482812500000001 0.12414239482200651
1 0.4819140625 0.7252588996763754 0.035671874999999964 0.10009708737864087
1 0.38428906249999994 0.721084142394822 0.02226562500000001 0.06372168284789637
1 0.3179609375 0.7024757281553399 0.033265624999999965 0.0878640776699029
1 0.5508203125 0.7408576051779936 0.06542187499999996 0.12689320388349523
0 0.42585937500000004 0.6747572815533981 0.026343750000000055 0.13093851132686085
0 0.451265625 0.6769255663430421 0.024125000000000008 0.0833009708737864
0 0.47971874999999997 0.6789320388349515 0.03396874999999999 0.13747572815533982
0 0.53259375 0.667799352750809 0.033781249999999985 0.10491909385113274
0 0.5460390625 0.6838673139158576 0.03798437499999996 0.15220064724919102
0 0.7180546875 0.677653721682848 0.04548437500000002 0.21239482200647253
0 0.9811875 0.7550485436893204 0.03762500000000002 0.21572815533980583
0 0.61215625 0.6856957928802588 0.04553125000000002 0.17838187702265373
0 0.8007421875 0.6771359223300971 0.05523437499999995 0.18779935275080906
0 0.8447109374999999 0.7309061488673139 0.06620312499999992 0.24873786407766985
24 0.8613671875 0.6853559870550161 0.026171874999999956 0.0767961165048544
2 0.10897656250000001 0.6420226537216829 0.029390625000000004 0.0666343042071198
24 0.5606249999999999 0.669126213592233 0.02546875000000004 0.07475728155339811
0 0.3794375 0.6856148867313916 0.036906249999999974 0.11867313915857602
1 0.713578125 0.7608899676375405 0.08743750000000006 0.17200647249190937
1 0.40054687499999997 0.7149190938511327 0.010874999999999968 0.056310679611650594
1 0.4279375000000001 0.7222168284789645 0.036031250000000015 0.09511326860841429
1 0.36671875 0.7033171521035599 0.011906250000000007 0.05673139158576046
1 0.34938281250000003 0.6961974110032363 0.024421874999999982 0.08126213592233011
2 0.0903984375 0.7102427184466019 0.180796875 0.21148867313915853
24 0.4007109375 0.656569579288026 0.00895312499999995 0.03203883495145632
0 0.2178515625 0.6278155339805825 0.007109375000000029 0.030582524271844713
1 0.2899921875 0.6870873786407767 0.03076562500000002 0.09190938511326863
0 0.52178125 0.6544983818770227 0.02009375000000002 0.1066666666666668
1 0.521875 0.674757281553398 0.70625 0.22330097087378642
0 0.26015625 0.6585760517799353 0.2578125 0.14563106796116498
