0 0.6918500000000001 0.64044 0.23426000000000002 0.6921333333333333
45 0.14937 0.27952 0.03874 0.04927999999999999
45 0.11593999999999999 0.28933333333333333 0.024399999999999977 0.02421333333333331
65 0.70469 0.7925199999999999 0.03082000000000007 0.03533333333333333
65 0.41866000000000003 0.8392133333333333 0.03460000000000002 0.03405333333333327
45 0.02748 0.27372 0.05288 0.04397333333333331
56 0.95233 0.8107466666666667 0.09533999999999998 0.2850666666666667
56 0.94102 0.7396666666666667 0.03072000000000008 0.06173333333333331
0 0.29713 0.61236 0.29766000000000004 0.77528
57 0.5200400000000001 0.8127599999999999 0.20124000000000009 0.22840000000000005
