23 0.6811328125 0.6121770833333333 0.11535937500000004 0.17252083333333335
20 0.5721953125 0.4292083333333333 0.062359374999999995 0.107875
20 0.694609375 0.39082291666666663 0.05587500000000001 0.0736458333333333
20 0.8810312499999999 0.393625 0.07437500000000008 0.13070833333333332
20 0.5003046874999999 0.37374999999999997 0.07629687500000004 0.09291666666666665
20 0.6717265625 0.3636666666666667 0.08954687500000003 0.08712499999999995
20 0.37071093749999995 0.31459375 0.037515625 0.04727083333333332
20 0.34546875 0.30133333333333334 0.0405625 0.059624999999999984
20 0.41078125 0.3295625 0.04028124999999999 0.04791666666666666
23 0.11335937500000001 0.5737916666666667 0.11190625000000003 0.2370833333333333
