60 0.22942187500000003 0.6966388888888889 0.45884375000000005 0.5842777777777779
41 0.1723984375 0.49126388888888883 0.231546875 0.6957499999999999
54 0.5449062499999999 0.45458333333333334 0.1704687499999999 0.14883333333333332
0 0.956328125 0.04708333333333334 0.025531250000000116 0.09411111111111112
0 0.9850078125000001 0.04416666666666667 0.021234375000000028 0.08833333333333333
2 0.8401718749999998 0.02505555555555556 0.05515624999999991 0.04777777777777778
2 0.5973125000000001 0.01933333333333333 0.03025 0.03755555555555556
56 0.9398359374999998 0.25969444444444445 0.09245312499999991 0.24405555555555558
56 0.06256250000000001 0.32134722222222223 0.11250000000000002 0.48091666666666666
56 0.4434687500000001 0.1572777777777778 0.07371875 0.13594444444444445
56 0.47174999999999995 0.20331944444444444 0.028562499999999935 0.13197222222222219
56 0.9414687500000001 0.5169722222222222 0.1169062500000001 0.20783333333333331
0 0.629328125 0.2042083333333333 0.3870624999999999 0.3960277777777777
28 0.7683125 0.359375 0.2912187500000001 0.43202777777777773
41 0.30486718749999997 0.4467916666666667 0.04770312500000001 0.3653611111111111
41 0.4508984375 0.30643055555555554 0.030359374999999966 0.07974999999999999
56 0.849046875 0.17573611111111112 0.09059375000000003 0.21241666666666664
56 0.91796875 0.17173611111111112 0.060843750000000085 0.21780555555555553
56 0.9869453125 0.08368055555555555 0.0261093750000001 0.04908333333333333
56 0.7423046875 0.10902777777777778 0.08635937500000002 0.06294444444444443
56 0.7412421875 0.1645 0.14523437500000003 0.09983333333333334
60 0.04699218749999999 0.4254027777777778 0.065015625 0.2589166666666667
60 0.7875 0.677375 0.42500000000000004 0.6148055555555556
56 0.25078125 0.3388888888888889 0.4203125 0.4222222222222223
