0 0.40053125 0.6360328638497652 0.13834375 0.5993427230046949
0 0.3735859375 0.16605633802816902 0.09832812500000004 0.32084507042253524
0 0.8061171875 0.3369131455399061 0.16076562500000002 0.4356572769953052
0 0.77446875 0.7141197183098592 0.17384374999999996 0.5482394366197183
0 0.138359375 0.1258450704225352 0.07628125000000002 0.24718309859154927
35 0.34421875 0.4350704225352113 0.03953125000000002 0.08638497652582167
35 0.41207812499999996 0.18444835680751173 0.023874999999999924 0.047300469483568086
56 0.276140625 0.017394366197183098 0.04540624999999998 0.028169014084507043
0 0.5755234375 0.025997652582159626 0.05589062499999997 0.0510093896713615
0 0.61371875 0.02687793427230047 0.029437500000000005 0.04192488262910798
0 0.7889531249999999 0.02921361502347418 0.02431249999999996 0.02415492957746479
0 0.18628906250000002 0.03530516431924882 0.018546875000000018 0.03769953051643193
0 0.7341796875 0.022652582159624415 0.04995312500000004 0.044553990610328637
56 0.3206640625 0.02857981220657277 0.04598437500000002 0.04687793427230047
56 0.27345312499999996 0.04276995305164319 0.047906249999999984 0.023286384976525822
0 0.6897265625 0.013720657276995306 0.03164062499999998 0.026455399061032864
56 0.452359375 0.026361502347417843 0.04415624999999995 0.04140845070422535
