0 0.3492406542056075 0.7853671875000001 0.13876168224299068 0.21535937500000013
0 0.560677570093458 0.7947578125 0.08037383177570101 0.17370312500000007
0 0.6711682242990654 0.6572968749999999 0.00785046728971972 0.017468750000000033
0 0.11593457943925234 0.7358515625000001 0.05714953271028038 0.035203125
0 0.029789719626168228 0.673046875 0.013364485981308408 0.03406250000000011
0 0.6439018691588785 0.6638515625 0.00864485981308405 0.017328124999999917
0 0.9879439252336448 0.6309218749999999 0.010981308411214918 0.01606249999999998
33 0.7039485981308411 0.5446953125 0.04126168224299076 0.04445312499999998
33 0.307464953271028 0.536390625 0.023528037383177547 0.026968749999999986
33 0.6229322429906542 0.27628125000000003 0.04516355140186912 0.042093749999999985
33 0.9835630841121495 0.54953125 0.03287383177570091 0.01331249999999995
0 0.8040537383177571 0.6638359375 0.010537383177570026 0.019640624999999967
0 0.6909579439252337 0.6678984374999999 0.014626168224298963 0.01192187499999997
0 0.6569509345794393 0.6620859375 0.006705607476635511 0.0067968750000000355
0 0.8343457943925234 0.6440625 0.01177570093457947 0.00896874999999997
0 0.8520443925233645 0.6427421875 0.013014018691588691 0.006328125000000018
33 0.3872546728971963 0.628734375 0.008247663551401885 0.00390625
33 0.571214953271028 0.5827890625 0.006822429906542027 0.006328125000000018
33 0.6351168224299065 0.526734375 0.00785046728971972 0.0045000000000000595
0 0.9150700934579439 0.633703125 0.008364485981308456 0.014843749999999933
33 0.903446261682243 0.56090625 0.008714953271028114 0.003937499999999927
