39 0.624237089201878 0.5203984374999999 0.09476525821596249 0.2604218749999999
56 0.7727112676056338 0.3008046875 0.20438967136150232 0.232140625
56 0.5957159624413145 0.27128125000000003 0.07363849765258212 0.23028125000000002
56 0.9019131455399061 0.2814375 0.09960093896713618 0.19853125000000002
40 0.2663849765258216 0.5063515624999999 0.14169014084507042 0.18276562499999993
40 0.6232511737089201 0.5895390625 0.17007042253521132 0.266140625
40 0.8997300469483569 0.739296875 0.15880281690140852 0.21140625000000002
43 0.765575117370892 0.866859375 0.20490610328638492 0.25796874999999997
60 0.5050821596244132 0.6743828125 0.9898356807511737 0.627546875
40 0.7622535211267605 0.18115625000000002 0.0320187793427229 0.016968750000000005
40 0.7097769953051644 0.1968828125 0.029272300469483703 0.058203124999999994
42 0.04158450704225353 0.8283437499999999 0.08115023474178404 0.1791250000000001
42 0.7164671361502348 0.5669921874999999 0.046220657276995314 0.03057812500000001
53 0.4116784037558685 0.5268593749999999 0.20359154929577467 0.06712499999999999
53 0.7895070422535211 0.6825546874999999 0.11863849765258216 0.06507812499999999
60 0.739119718309859 0.2280625 0.22204225352112672 0.02774999999999997
41 0.28156103286384976 0.6576171874999999 0.12786384976525822 0.12492187499999996
42 0.06238262910798122 0.8730156250000001 0.06387323943661972 0.16334375
48 0.8637323943661972 0.62559375 0.23535211267605638 0.09693750000000001
56 0.9607746478873239 0.2726015625 0.07845070422535216 0.16045312499999997
0 0.4796948356807511 0.1065703125 0.16065727699530513 0.213140625
40 0.28252347417840373 0.6563593750000001 0.13753521126760565 0.129
43 0.20150234741784037 0.52296875 0.05990610328638496 0.07234375000000004
0 0.4409389671361503 0.29481250000000003 0.6009389671361504 0.5116875000000001
56 0.6608215962441315 0.1673203125 0.08469483568075109 0.02570312500000002
56 0.6678990610328638 0.19767968749999998 0.07396713615023476 0.03904687500000001
41 0.11100938967136151 0.5618671875 0.19981220657277 0.290640625
41 0.19298122065727702 0.5779140625 0.06535211267605634 0.11179687500000002
