41 0.5452347417840375 0.5022421874999999 0.08441314553990609 0.06067187499999993
71 0.8727816901408452 0.2765078125 0.2544366197183098 0.05098437499999997
43 0.5743309859154929 0.29042187500000005 0.046549295774647836 0.19037500000000002
43 0.42246478873239435 0.28505468749999996 0.03380281690140846 0.185859375
43 0.36938967136150236 0.2784296875 0.03413145539906104 0.16142187500000005
71 0.20593896713615023 0.611984375 0.41187793427230046 0.13259375000000007
39 0.7811384976525821 0.6746406250000001 0.09636150234741792 0.08353124999999995
43 0.5242723004694836 0.374234375 0.03450704225352108 0.15700000000000003
43 0.300669014084507 0.2833359375 0.04819248826291078 0.16632812499999997
43 0.2390492957746479 0.29259375 0.0502112676056338 0.18428124999999998
43 0.49657276995305166 0.27945312499999997 0.07140845070422536 0.14375
43 0.3519131455399061 0.40628125000000004 0.018286384976525794 0.10450000000000004
43 0.2889201877934272 0.3803984375 0.014084507042253502 0.04460937500000006
