63 0.4188200000000001 0.62472 0.27472000000000013 0.4134933333333333
64 0.68955 0.7220933333333334 0.07041999999999993 0.0636000000000001
73 0.8646100000000001 0.13146666666666665 0.04382000000000008 0.2629333333333333
73 0.90347 0.12616 0.06594 0.25168
73 0.9416599999999999 0.12682666666666667 0.04471999999999998 0.24650666666666668
0 0.06319 0.38660000000000005 0.03962 0.07725333333333334
41 0.75132 0.6050533333333333 0.07652000000000003 0.16477333333333344
73 0.9724700000000001 0.12434666666666666 0.0539400000000001 0.24496
0 0.41525 0.15066666666666664 0.040179999999999993 0.08373333333333331
0 0.44522000000000006 0.14830666666666664 0.017479999999999996 0.06349333333333332
0 0.44913000000000003 0.1321466666666667 0.01589999999999997 0.09181333333333336
0 0.47092999999999996 0.13714666666666667 0.008899999999999963 0.07146666666666666
0 0.46006 0.12966666666666665 0.015040000000000053 0.09474666666666667
0 0.49131 0.13258666666666669 0.021260000000000057 0.06789333333333333
0 0.5083 0.22368 0.013399999999999967 0.0619733333333333
0 0.41381999999999997 0.05393333333333333 0.02787999999999996 0.08312
