41 0.9644374999999998 0.7117877906976744 0.04978125 0.09386627906976741
63 0.6383515625 0.3973691860465116 0.16789062499999996 0.3505523255813953
63 0.7844140625 0.503953488372093 0.19048437500000004 0.36796511627906975
64 0.8554765625 0.7668459302325582 0.02614062500000003 0.06502906976744183
62 0.5145546875 0.1468168604651163 0.1328593750000001 0.1865406976744186
64 0.5075859375 0.45425872093023256 0.029984375000000008 0.04468023255813952
64 0.5635859375000001 0.4003924418604651 0.037203125000000004 0.04851744186046514
65 0.17982031249999997 0.5621366279069767 0.05585937499999996 0.1151453488372094
66 0.6313828125000001 0.4671656976744187 0.11539062499999997 0.10043604651162796
66 0.7780078125 0.5387500000000001 0.11592187499999995 0.13186046511627902
67 0.6526796875 0.6155523255813953 0.044859375000000035 0.07895348837209304
73 0.8962343750000001 0.6426889534883722 0.06521874999999999 0.15281976744186043
73 0.048843750000000005 0.6027761627906976 0.082125 0.17188953488372094
73 0.0926640625 0.6745930232558139 0.073484375 0.1572093023255815
73 0.11989843749999998 0.703735465116279 0.021515624999999983 0.03781976744186044
73 0.08027343749999999 0.6835029069767442 0.073140625 0.11561046511627904
67 0.23675000000000002 0.5519622093023255 0.033156250000000026 0.05357558139534879
