19 0.7880390625 0.5797291666666666 0.081078125 0.10320833333333346
19 0.04860156250000001 0.5146875 0.09535937500000001 0.09487499999999999
22 0.29084375 0.6343229166666666 0.11728125 0.16202083333333328
22 0.1609609375 0.63453125 0.159734375 0.1321875
22 0.4809140625 0.44046874999999996 0.03564062500000004 0.0316041666666666
22 0.81671875 0.44217708333333333 0.06337499999999996 0.031145833333333317
22 0.634296875 0.4501354166666667 0.03790625000000003 0.03252083333333339
22 0.675734375 0.46172916666666663 0.055187499999999945 0.033583333333333354
22 0.6733359375 0.43590625 0.047015625000000005 0.024520833333333325
22 0.9016171875000001 0.45501041666666664 0.04204687499999993 0.022229166666666633
22 0.5971015625 0.44353125 0.025296874999999996 0.03977083333333331
22 0.5498281249999999 0.4427916666666667 0.06371874999999994 0.030999999999999972
22 0.728609375 0.46115625 0.04356249999999995 0.037395833333333295
22 0.9848828125 0.44509375 0.029203125000000107 0.04031249999999997
19 0.6387031249999999 0.7187187500000001 0.28065625 0.2707708333333334
19 0.5964609375000001 0.5667083333333333 0.1432031250000001 0.08808333333333329
19 0.14705468749999998 0.7999270833333333 0.292421875 0.29931249999999987
19 0.49034375 0.6032395833333333 0.21762500000000007 0.15664583333333326
