5 0.537640625 0.4981875 0.47528125000000004 0.4224583333333332
0 0.8927812499999999 0.5068958333333333 0.0065312499999999885 0.03058333333333335
0 0.8673203125 0.51278125 0.011921875000000082 0.04418749999999999
2 0.9880546875 0.51571875 0.023890624999999943 0.036687499999999984
9 0.966234375 0.4053333333333333 0.03503124999999996 0.09000000000000002
0 0.8234140624999999 0.5138958333333334 0.010234374999999907 0.0395416666666667
1 0.9720781250000001 0.57515625 0.055187500000000056 0.0776458333333333
9 0.9905703124999999 0.36503125 0.018859375000000123 0.10202083333333334
0 0.5214609375 0.5239270833333334 0.019390624999999995 0.07502083333333337
0 0.6802578125000001 0.5039374999999999 0.020671875000000006 0.02804166666666663
0 0.7961874999999999 0.5016145833333333 0.009343749999999984 0.029104166666666653
0 0.8782500000000001 0.51446875 0.009312500000000057 0.03822916666666659
0 0.858734375 0.5145416666666667 0.006250000000000089 0.037166666666666626
0 0.49375781249999995 0.52453125 0.04339062499999996 0.07022916666666662
