26 0.5177112676056338 0.8507031249999999 0.04401408450704225 0.07234374999999993
0 0.6137323943661972 0.7566484375 0.029999999999999916 0.03839062500000001
0 0.5121713615023474 0.7761875 0.03194835680751179 0.05806250000000013
0 0.7067136150234741 0.8121171875 0.07356807511737085 0.151578125
0 0.7759389671361502 0.810984375 0.06234741784037556 0.15428124999999993
0 0.8602582159624412 0.841890625 0.08849765258215958 0.22862500000000008
0 0.6482746478873239 0.8163984375 0.06119718309859157 0.13979687500000004
0 0.47382629107981217 0.8580078124999999 0.10413145539906099 0.19351562499999997
0 0.3414906103286385 0.705734375 0.03326291079812199 0.03484374999999995
0 0.2863262910798122 0.8087968750000001 0.0766431924882629 0.13446875000000014
0 0.14663145539906106 0.8727734375 0.242793427230047 0.25445312500000006
14 0.7669835680751174 0.9102421875000001 0.03265258215962452 0.02060937500000004
26 0.6373356807511737 0.8708437499999999 0.042370892018779305 0.042312500000000086
27 0.5883802816901409 0.7909609375 0.01037558685446005 0.025453124999999965
27 0.7050234741784038 0.7753125 0.011079812206572726 0.028312499999999963
14 0.3616666666666667 0.9283984375 0.04558685446009397 0.01832812500000003
26 0.9174061032863849 0.807265625 0.03401408450704224 0.015562499999999924
0 0.5838028169014085 0.8411953125 0.10197183098591533 0.19542187499999997
26 0.4438732394366197 0.9062109375 0.05713615023474178 0.08332812500000009
26 0.4021361502347418 0.9023984375 0.049295774647887314 0.07232812499999997
26 0.8831924882629107 0.860015625 0.03469483568075116 0.03628125000000004
26 0.39077464788732397 0.7995625 0.026338028169014094 0.049687499999999996
0 0.5001643192488263 0.7687578125000001 0.027746478873239444 0.04048437500000002
0 0.3055985915492958 0.7079453124999999 0.03119718309859154 0.025921874999999983
74 0.5467840375586854 0.3705 0.1004225352112676 0.06684374999999998
0 0.5 0.8296874999999999 0.9953051643192488 0.290625
