58 0.6947291666666666 0.1725234375 0.1286666666666667 0.12704687499999998
58 0.5811145833333333 0.1690703125 0.11356250000000001 0.130265625
43 0.1602708333333333 0.36982031249999997 0.017416666666666664 0.06948437499999993
44 0.3452604166666666 0.6465234375 0.30443749999999997 0.23870312500000002
45 0.28801041666666666 0.5242109374999999 0.24864583333333334 0.13648437499999994
45 0.24343750000000003 0.2204765625 0.08045833333333333 0.034703125
46 0.47259375000000003 0.38063281250000003 0.17147916666666668 0.09495312500000003
47 0.412875 0.43866406250000006 0.09212500000000001 0.055734375
44 0.27233333333333337 0.37334375000000003 0.05654166666666671 0.048875
71 0.9074791666666666 0.5659687500000001 0.18504166666666666 0.10759375000000004
41 0.44505208333333335 0.22134375 0.038895833333333296 0.029593750000000002
75 0.47511458333333334 0.180953125 0.03810416666666666 0.10940624999999998
75 0.8693124999999999 0.20210937499999998 0.09599999999999997 0.06821875000000002
47 0.4703645833333333 0.449671875 0.045562500000000006 0.04249999999999998
47 0.44071875 0.46282812500000003 0.029979166666666668 0.018218750000000006
0 0.5265104166666666 0.6848828124999999 0.49810416666666657 0.630234375
75 0.51646875 0.216546875 0.03810416666666666 0.036312500000000025
