0 0.456796875 0.5752824858757062 0.07084374999999998 0.3236158192090396
37 0.41904687500000004 0.5877401129943503 0.18009375 0.16429378531073446
37 0.3604375 0.5848870056497175 0.14825 0.17209039548022598
0 0.41835937500000003 0.4607485875706215 0.00593750000000004 0.021440677966101718
33 0.800046875 0.31508474576271184 0.029281249999999925 0.0779661016949153
0 0.8726328125 0.44895480225988704 0.009296874999999982 0.054180790960451974
0 0.702015625 0.4504802259887006 0.006156249999999974 0.02790960451977398
0 0.9453359375 0.4445762711864406 0.006265624999999941 0.01389830508474571
0 0.6578515624999999 0.4538418079096045 0.007078124999999935 0.039152542372881294
0 0.9856953124999999 0.44004237288135595 0.013921874999999972 0.04528248587570621
33 0.9727578124999999 0.3911158192090396 0.009046874999999899 0.023926553672316386
33 0.45076562499999995 0.26884180790960455 0.016343749999999935 0.025310734463276863
33 0.645125 0.2795338983050847 0.01490625000000001 0.017542372881355905
33 0.477734375 0.39389830508474577 0.007187500000000013 0.022316384180791016
33 0.1777109375 0.27405367231638417 0.02054687500000002 0.038107344632768325
33 0.2763828125 0.2842231638418079 0.030640624999999977 0.05364406779661013
33 0.792953125 0.2520621468926554 0.02659374999999997 0.0449717514124294
33 0.8897656249999999 0.345409604519774 0.005562499999999915 0.013305084745762696
33 0.9800234374999999 0.37710451977401127 0.007265624999999942 0.023305084745762705
33 0.020828125 0.3329802259887006 0.0129375 0.03375706214689267
33 0.8353671874999999 0.34605932203389833 0.009765625 0.0197457627118644
0 0.3655234375 0.639322033898305 0.07920312499999993 0.38954802259887
0 0.7268046874999999 0.45053672316384186 0.010359374999999948 0.044293785310734524
