1 0.6836562500000001 0.8499415887850468 0.12774999999999992 0.14100467289719631
1 0.614703125 0.8637733644859812 0.0546875 0.0953971962616822
2 0.8600234375 0.7186915887850468 0.06373437500000001 0.03915887850467281
2 0.726296875 0.7451869158878506 0.04468749999999999 0.04971962616822434
3 0.1310703125 0.9082827102803738 0.051859374999999985 0.11904205607476626
3 0.2148671875 0.8180257009345795 0.015921875000000002 0.04483644859813085
5 0.05109375 0.8041238317757009 0.0991875 0.19324766355140177
0 0.40988281249999997 0.8268808411214954 0.03164062499999998 0.13549065420560757
0 0.2170625 0.8082359813084112 0.021437499999999998 0.06717289719626174
0 0.31509375 0.7992640186915889 0.02200000000000002 0.06712616822429907
0 0.7030546875 0.7621028037383177 0.020515625000000037 0.06682242990654208
0 0.6723281249999999 0.742768691588785 0.014374999999999916 0.051004672897196235
0 0.131625 0.8705140186915887 0.05281250000000001 0.15855140186915895
0 0.3793125 0.7737616822429907 0.013812500000000005 0.04485981308411213
7 0.2829453125 0.7705841121495327 0.03142187499999993 0.06803738317757002
13 0.52478125 0.8583060747663551 0.09999999999999998 0.08558411214953277
0 0.6210546875 0.7522196261682244 0.014296874999999987 0.05107476635514019
2 0.2009140625 0.7841705607476636 0.026734374999999977 0.041144859813084134
0 0.6834687500000001 0.742570093457944 0.00996874999999997 0.04359813084112152
2 0.5572265624999999 0.7579672897196261 0.06210937500000002 0.043504672897196284
