0 0.731375 0.37641274238227146 0.52984375 0.6134903047091412
42 0.1418359375 0.22541551246537397 0.039765625 0.0619667590027701
43 0.17274218749999998 0.4740997229916898 0.159765625 0.23457063711911363
39 0.5041171875000001 0.4143490304709141 0.06239062500000003 0.19047091412742384
42 0.204078125 0.25279778393351804 0.04815625000000001 0.05168975069252074
42 0.1596015625 0.2313157894736842 0.02070312499999999 0.029279778393351774
44 0.14340625 0.2873961218836565 0.02681249999999999 0.0511357340720221
45 0.18253124999999998 0.6752770083102493 0.24337499999999998 0.20900277008310242
44 0.1431015625 0.2525207756232687 0.023328125000000005 0.027036011080332434
44 0.1293984375 0.3077562326869806 0.038921874999999995 0.028698060941828252
44 0.1488203125 0.28493074792243767 0.02782812500000001 0.04936288088642665
45 0.1103125 0.8260664819944599 0.220625 0.3478670360110804
42 0.1375234375 0.24498614958448756 0.03139062500000002 0.037174515235457034
42 0.1738828125 0.266814404432133 0.04329687500000001 0.03789473684210526
42 0.17969531249999998 0.25005540166204987 0.054640625000000026 0.07285318559556786
