2 0.7398899999999999 0.7340533333333332 0.05622000000000005 0.06634666666666666
7 0.89541 0.7390266666666667 0.1794199999999999 0.13112000000000013
7 0.62819 0.7448666666666668 0.11229999999999996 0.07922666666666667
33 0.38232999999999995 0.56888 0.40509999999999996 0.5625066666666667
2 0.77834 0.75972 0.07084000000000013 0.0524
0 0.61659 0.81996 0.02978000000000003 0.10610666666666668
0 0.96106 0.8598266666666667 0.07787999999999995 0.28034666666666663
0 0.5543 0.7954 0.03191999999999995 0.10178666666666669
0 0.52558 0.8095866666666667 0.012280000000000069 0.0676
0 0.57847 0.8039333333333334 0.023659999999999903 0.09010666666666667
0 0.34492 0.8425200000000002 0.03255999999999998 0.06386666666666663
0 0.91143 0.7606133333333334 0.024460000000000037 0.09338666666666662
0 0.29379 0.81532 0.043179999999999996 0.12029333333333336
0 0.37417999999999996 0.8183066666666667 0.03384000000000004 0.07874666666666663
0 0.25171 0.8442666666666667 0.01906000000000002 0.06586666666666663
0 0.40492 0.7496933333333333 0.018839999999999968 0.056613333333333404
7 0.32721 0.7497733333333332 0.1563 0.11005333333333323
0 0.2445 0.7817466666666666 0.014479999999999965 0.06967999999999996
2 0.43692 0.7651600000000001 0.04460000000000003 0.04461333333333328
0 0.06445 0.8175600000000001 0.04993999999999999 0.10157333333333318
2 0.7989999999999999 0.7002533333333333 0.046640000000000015 0.0416266666666667
2 0.02372 0.7906266666666666 0.04212 0.04845333333333335
2 0.4833800000000001 0.74 0.08656000000000008 0.034506666666666574
2 0.55415 0.7351733333333335 0.01985999999999999 0.025120000000000142
2 0.64259 0.69928 0.021660000000000013 0.018026666666666635
0 0.617 0.7373333333333334 0.342 0.07199999999999995
