5 0.19635 0.47303999999999996 0.36910000000000004 0.9460799999999999
9 0.51251 0.27346666666666664 0.021259999999999946 0.06325333333333333
9 0.70868 0.28912000000000004 0.019440000000000013 0.05792000000000003
0 0.16976000000000002 0.6317466666666667 0.24156000000000002 0.7117066666666666
0 0.36452 0.5502533333333334 0.04171999999999998 0.19512000000000002
0 0.54091 0.5194933333333333 0.04170000000000007 0.10890666666666665
0 0.7487900000000001 0.5292666666666667 0.03589999999999993 0.13304
0 0.95959 0.55884 0.04249999999999998 0.17042666666666667
0 0.67265 0.5272933333333334 0.025940000000000074 0.09005333333333337
0 0.8161399999999999 0.5265866666666666 0.01992000000000005 0.05674666666666667
0 0.4832 0.5161466666666666 0.029040000000000066 0.06840000000000002
0 0.45102 0.5210666666666667 0.029360000000000053 0.10319999999999996
0 0.64579 0.525 0.028100000000000014 0.09021333333333342
0 0.5985699999999999 0.5198133333333333 0.013779999999999903 0.06362666666666672
1 0.9631 0.61196 0.055360000000000076 0.11069333333333331
1 0.75271 0.57408 0.036779999999999924 0.08906666666666663
1 0.64381 0.5531200000000001 0.026020000000000043 0.06437333333333328
1 0.54381 0.54724 0.03414000000000006 0.0699466666666666
2 0.6187900000000002 0.5236133333333333 0.03070000000000006 0.0471733333333334
2 0.5118400000000001 0.5079333333333333 0.015280000000000071 0.022213333333333363
27 0.55132 0.50152 0.005680000000000018 0.028213333333333368
0 0.5010600000000001 0.5091600000000001 0.014040000000000052 0.03746666666666665
1 0.45424999999999993 0.5468533333333334 0.01482 0.06975999999999993
1 0.67592 0.5503333333333333 0.028159999999999963 0.06498666666666675
1 0.47856 0.5396 0.023160000000000014 0.05264000000000002
1 0.42972999999999995 0.525 0.020060000000000022 0.04264000000000001
1 0.50681 0.5225733333333333 0.0046200000000000685 0.017360000000000042
1 0.5764499999999999 0.5240400000000001 0.020540000000000003 0.02738666666666678
0 0.8568199999999999 0.5358 0.0230800000000001 0.08605333333333343
9 0.8494 0.3263866666666666 0.010639999999999983 0.039493333333333325
0 0.648 0.532 0.5 0.1466666666666666
