58 0.172265625 0.6512737642585551 0.23796875 0.2983269961977185
56 0.555296875 0.8706844106463878 0.26390625 0.23060836501901139
60 0.25236718750000003 0.8670532319391634 0.500859375 0.23764258555133067
41 0.6378984375 0.531444866920152 0.03417187499999996 0.10212927756653983
41 0.591421875 0.546958174904943 0.029843749999999947 0.06927756653992401
45 0.7778046875 0.738574144486692 0.06198437499999998 0.051368821292775646
45 0.777875 0.7054372623574143 0.06396874999999991 0.028441064638783264
45 0.7767109375 0.6938688212927757 0.06026562499999999 0.01948669201520914
45 0.7773828125 0.6817870722433459 0.06042187499999996 0.014904942965779377
45 0.7881250000000001 0.5725665399239543 0.08134375000000005 0.029201520912547463
45 0.8337421875 0.7539068441064639 0.06226562499999999 0.02633079847908748
45 0.839375 0.7292110266159695 0.06146874999999996 0.039372623574144394
45 0.7756406250000001 0.6631558935361217 0.05521874999999998 0.03212927756653994
75 0.184265625 0.7394866920152092 0.07690625000000001 0.11676806083650193
75 0.6283125 0.35538973384030415 0.048812500000000036 0.11579847908745244
40 0.8386640624999999 0.33005703422053234 0.05614062499999983 0.13863117870722436
40 0.8617812499999999 0.3537642585551331 0.029749999999999943 0.09205323193916348
40 0.7778984375 0.33683460076045624 0.054828125000000005 0.13024714828897338
40 0.7936796875000001 0.35793726235741447 0.024015624999999985 0.08887832699619769
41 0.5965625 0.5357984790874524 0.03496874999999999 0.09049429657794683
41 0.5597734375000001 0.5396292775665399 0.03367187500000002 0.08492395437262362
73 0.2831328125 0.4925855513307985 0.019859375000000012 0.10022813688212934
73 0.4070625 0.49724334600760456 0.011031249999999992 0.09300380228136884
73 0.3885703125 0.4924809885931559 0.013671875 0.10271863117870722
73 0.437734375 0.3085456273764259 0.031406250000000024 0.09503802281368823
73 0.38528125 0.32413498098859317 0.01028125000000002 0.07587452471482886
73 0.39915625000000005 0.3172908745247148 0.012500000000000067 0.08587452471482893
73 0.293390625 0.4939068441064639 0.014343749999999988 0.09572243346007608
73 0.37461718750000006 0.17793726235741447 0.008453125000000006 0.09192015209125479
73 0.3518828125 0.5006273764258555 0.011671874999999998 0.09243346007604553
73 0.23579687499999996 0.5009980988593157 0.007093749999999982 0.07758555133079847
45 0.7875703125 0.49658745247148295 0.08170312499999988 0.012300380228136898
45 0.7881250000000001 0.5530228136882129 0.08371875000000006 0.008859315589353711
45 0.7882421875000001 0.507509505703422 0.08395312499999996 0.009657794676806053
56 0.068234375 0.7167395437262357 0.13646875 0.12975285171102668
73 0.2903125 0.33046577946768063 0.010468750000000027 0.08347908745247146
73 0.2532109375 0.3277376425855514 0.067109375 0.09942965779467683
75 0.636859375 0.5325950570342205 0.03381249999999991 0.10203422053231942
75 0.5961328125 0.5332889733840305 0.03289062499999995 0.0949429657794677
4 0.36250000000000004 0.4109695817490494 0.08728125000000003 0.05479087452471482
40 0.5848828125000001 0.37088403041825097 0.02567187500000001 0.0905513307984791
40 0.5461328125 0.3767015209125475 0.017546874999999962 0.08488593155893537
73 0.41492968750000003 0.310361216730038 0.016984374999999996 0.0949809885931559
73 0.5656249999999999 0.32129277566539927 0.7687499999999999 0.5171102661596958
