46 0.64779 0.3537237237237237 0.23073999999999995 0.2742342342342342
48 0.34894000000000003 0.3273273273273273 0.41692 0.5993993993993993
51 0.49940000000000007 0.6956606606606606 0.11871999999999999 0.23114114114114115
51 0.6106199999999999 0.6954654654654655 0.08763999999999994 0.14402402402402403
51 0.65012 0.6088588588588588 0.20079999999999998 0.11459459459459453
51 0.5669000000000001 0.5204354354354355 0.0786 0.1288588588588589
51 0.6312 0.49614114114114116 0.0616000000000001 0.13714714714714726
51 0.5645800000000001 0.7126276276276277 0.10852000000000006 0.28045045045045036
51 0.51245 0.8246546546546547 0.15022000000000002 0.16594594594594592
49 0.29909 0.7332582582582583 0.23034000000000002 0.23552552552552541
49 0.37241 0.7533333333333334 0.18797999999999998 0.2893693693693694
51 0.52851 0.5243243243243243 0.04942000000000002 0.1657657657657658
