0 0.5248203124999999 0.5303406593406593 0.5383906249999999 0.7954945054945055
0 0.5599687499999999 0.21572527472527472 0.052718750000000036 0.08090109890109892
29 0.3381484375 0.2222637362637363 0.09589062500000001 0.05032967032967037
0 0.94690625 0.48783516483516487 0.07028125000000007 0.3071868131868132
0 0.7936171875 0.5113846153846154 0.06973437500000002 0.20070329670329673
0 0.6202890624999999 0.3635054945054945 0.042265625000000084 0.07162637362637364
0 0.112046875 0.3596263736263736 0.0413125 0.08171428571428574
0 0.210203125 0.128 0.0574375 0.11098901098901101
0 0.08807812500000001 0.04704395604395604 0.03156249999999999 0.08683516483516483
0 0.5067265624999999 0.07321978021978022 0.04242187499999994 0.11861538461538461
0 0.761859375 0.3548461538461538 0.04249999999999998 0.06340659340659344
0 0.6716796875 0.29772527472527466 0.04723437500000005 0.0664395604395604
0 0.22949999999999998 0.49559340659340656 0.080125 0.3741758241758241
