0 0.62728125 0.892375 0.1241875 0.21524999999999994
0 0.5817421875 0.8288125 0.029296875 0.0974166666666667
0 0.453703125 0.8980104166666667 0.08168749999999997 0.2039791666666667
0 0.2896875 0.8870833333333333 0.06403124999999998 0.22583333333333333
0 0.4073671875 0.87403125 0.04785937500000004 0.20618749999999986
0 0.8689843749999999 0.8738333333333334 0.06803124999999988 0.2523333333333333
0 0.8992421875000001 0.7846458333333333 0.03389062500000006 0.05312499999999998
0 0.9350078124999999 0.7812604166666667 0.03479687499999995 0.052312499999999984
0 0.960984375 0.8861874999999999 0.06162500000000015 0.22595833333333337
0 0.70596875 0.8750833333333332 0.05806250000000002 0.2094166666666667
0 0.6735781250000001 0.8555104166666667 0.038250000000000006 0.16197916666666667
0 0.21540625000000002 0.8940520833333334 0.06015625000000002 0.21189583333333328
0 0.5397890625000001 0.87009375 0.05935937499999999 0.2151875000000001
0 0.48750000000000004 0.8583333333333334 0.90625 0.2791666666666667
