39 0.8706953125 0.7674270833333333 0.07429687499999993 0.2833958333333333
56 0.09627343749999999 0.8244791666666667 0.16148437499999999 0.3397083333333334
60 0.5855859375 0.7941145833333334 0.828828125 0.4117708333333333
0 0.3975859375 0.5962395833333333 0.47257812499999996 0.5806458333333333
0 0.6052187499999999 0.49099999999999994 0.22446874999999994 0.4754583333333332
48 0.47126562499999997 0.5730104166666667 0.09503125000000001 0.10710416666666667
41 0.1024296875 0.641 0.04004687500000001 0.11062499999999997
0 0.11963281249999999 0.58075 0.099890625 0.16745833333333332
53 0.45074218750000006 0.5754895833333333 0.03823437500000004 0.11272916666666666
53 0.44617968750000003 0.87425 0.03635937499999997 0.04762500000000003
0 0.07314843750000001 0.3992395833333333 0.13517187500000002 0.6913541666666667
39 0.9238359375 0.88671875 0.14864062499999997 0.2265625
60 0.06046093749999999 0.7365520833333333 0.11417187499999998 0.08231250000000001
53 0.735453125 0.6482395833333333 0.07840625000000001 0.029562499999999936
41 0.940140625 0.7382291666666667 0.059562500000000074 0.1915416666666666
41 0.5231484375 0.9026458333333334 0.12407812499999993 0.19470833333333326
