0 0.3864754098360656 0.443546875 0.3562295081967214 0.5278125
0 0.8747892271662765 0.4157421875 0.17885245901639346 0.28604687500000003
0 0.7608782201405152 0.4944140625 0.3735128805620609 0.35395312500000004
0 0.6227868852459018 0.504890625 0.3607962529274006 0.4571875000000001
0 0.3528688524590164 0.5997734375 0.6250819672131148 0.7645781249999999
40 0.6651288056206088 0.6915156250000001 0.09508196721311479 0.12006250000000007
40 0.705304449648712 0.8587578124999999 0.1599297423887588 0.224703125
40 0.7412295081967213 0.438 0.051592505854800796 0.044906250000000036
40 0.5494613583138174 0.3966015625 0.15859484777517574 0.06217187500000004
0 0.8192622950819672 0.3441953125 0.07992974238875872 0.035234374999999984
39 0.8872599531615926 0.596859375 0.14337236533957853 0.17384374999999996
39 0.9537939110070257 0.5470078125 0.021264637002341824 0.11310937500000001
