17 0.57505 0.6894744318181818 0.0630599999999999 0.07599431818181812
17 0.51151 0.6836789772727273 0.03542000000000001 0.0712784090909091
18 0.6309 0.83515625 0.03491999999999995 0.05525568181818186
18 0.42069999999999996 0.7830255681818181 0.023239999999999983 0.039460227272727244
18 0.81976 0.8264914772727273 0.04488000000000003 0.060653409090909216
18 0.6999499999999999 0.8296590909090908 0.038779999999999926 0.056647727272727266
18 0.79485 0.755340909090909 0.020140000000000047 0.026534090909090757
6 0.15368 0.6230539772727273 0.24584 0.2962784090909091
0 0.9569300000000001 0.8081107954545454 0.03170000000000006 0.13718750000000013
0 0.51481 0.6431392045454545 0.021419999999999995 0.02894886363636362
18 0.5217 0.8253693181818181 0.042120000000000046 0.06965909090909084
18 0.40471 0.7787642045454546 0.012860000000000038 0.04065340909090909
18 0.34703 0.7730965909090908 0.035660000000000025 0.052784090909090864
18 0.34358999999999995 0.6646732954545455 0.015500000000000014 0.022017045454545414
18 0.6597299999999999 0.8234517045454546 0.04798000000000002 0.05446022727272737
18 0.76431 0.8376846590909091 0.04741999999999991 0.0688352272727274
17 0.62678 0.6937926136363637 0.09132000000000007 0.08196022727272723
18 0.48242 0.8143892045454546 0.06711999999999996 0.0740056818181819
18 0.63 0.7428977272727273 0.736 0.2585227272727273
