57 0.45663551401869157 0.5956953125 0.9004205607476635 0.7827968750000001
0 0.5 0.6303359374999999 1.0 0.712359375
0 0.22710280373831776 0.1271875 0.26939252336448594 0.25025
65 0.8769626168224299 0.780015625 0.10228971962616829 0.028406249999999966
65 0.6796962616822431 0.4059765625 0.12453271028037383 0.06801562500000002
39 0.745747663551402 0.2102109375 0.04799065420560755 0.040015625
65 0.7879205607476636 0.29889062499999997 0.052383177570093475 0.051656250000000015
65 0.768247663551402 0.7133515625 0.10228971962616829 0.07201562500000003
0 0.6414485981308411 0.421609375 0.7171028037383178 0.6461875
63 0.4418224299065421 0.090015625 0.14612149532710283 0.046249999999999986
39 0.11349299065420561 0.12985156250000002 0.018761682242990657 0.01464062499999999
0 0.9025817757009347 0.217015625 0.19483644859813076 0.4305
57 0.6948831775700935 0.1919296875 0.39214953271028047 0.335265625
