25 0.9414374999999999 0.12625 0.11712500000000003 0.23053125
48 0.4709479166666667 0.551015625 0.12822916666666667 0.10546875000000006
48 0.6077708333333334 0.48946093749999997 0.12970833333333331 0.08751562499999999
56 0.10246875 0.4415703125 0.19822916666666668 0.16726562499999997
0 0.538625 0.27828906249999996 0.5936666666666666 0.5565781249999999
40 0.24208333333333334 0.5691796875 0.1307916666666667 0.183921875
44 0.045625 0.9036640625000001 0.09095833333333334 0.15904687499999992
44 0.7124791666666666 0.57334375 0.054333333333333234 0.05262499999999992
45 0.4911458333333333 0.655078125 0.12191666666666662 0.057624999999999926
45 0.42696875 0.7105468749999999 0.15281250000000002 0.04718750000000005
60 0.5 0.7585234375000001 1.0 0.482953125
40 0.9669583333333334 0.7379453125 0.06608333333333338 0.268234375
45 0.9108958333333332 0.6931484375000001 0.08404166666666668 0.0856093750000001
45 0.23256249999999998 0.5666093750000001 0.23783333333333329 0.06571874999999994
43 0.53978125 0.5832656249999999 0.06006249999999991 0.02471875000000001
48 0.3173229166666666 0.6886171875 0.16231249999999994 0.10607812499999991
50 0.5288541666666666 0.8086015625 0.13416666666666666 0.08817187500000001
50 0.6998541666666667 0.8793593749999999 0.13491666666666657 0.12287499999999996
51 0.39889583333333334 0.8534375 0.1394166666666667 0.12240625000000005
