76 0.3974836601307189 0.4751307189542484 0.06647058823529411 0.08323529411764713
0 0.6943790849673203 0.45018790849673207 0.2696732026143791 0.5595588235294118
0 0.8806290849673203 0.47410130718954246 0.20720588235294124 0.49098039215686273
0 0.47191176470588236 0.4685375816993464 0.24718954248366015 0.48315359477124187
0 0.33405228758169936 0.2827777777777778 0.11071895424836597 0.20611111111111108
0 0.38483660130718955 0.4350571895424836 0.17049019607843136 0.5189052287581699
0 0.2052450980392157 0.4048366013071895 0.24692810457516345 0.5757189542483659
0 0.06583333333333333 0.2488153594771242 0.0684640522875817 0.08900326797385619
0 0.5966339869281045 0.2876388888888889 0.12359477124183005 0.2831535947712418
0 0.06045751633986928 0.43478758169934645 0.12091503267973856 0.5100980392156863
0 0.260890522875817 0.24781045751633984 0.07923202614379088 0.22790849673202607
0 0.8354983660130719 0.22686274509803922 0.14965686274509815 0.21323529411764708
0 0.9285212418300653 0.3094934640522876 0.1408660130718955 0.2856209150326797
27 0.46795751633986926 0.4387009803921569 0.034934640522875815 0.13151960784313727
27 0.8385212418300654 0.46388071895424837 0.040571895424836635 0.10187908496732023
27 0.036192810457516336 0.41028594771241833 0.05732026143790849 0.1845261437908497
40 0.4301552287581699 0.7410947712418301 0.04550653594771242 0.09026143790849672
