0 0.2160390625 0.45907291666666666 0.018203125000000014 0.08472916666666663
0 0.5357109375 0.4694270833333333 0.021703125000000045 0.08397916666666666
0 0.7552578125 0.55921875 0.16035937500000008 0.15972916666666664
0 0.7512343749999999 0.44787499999999997 0.01100000000000001 0.030458333333333365
0 0.8495625 0.45115625000000004 0.012593749999999848 0.04739583333333336
0 0.9862109375000001 0.48384375 0.018703125000000043 0.04818750000000005
30 0.799 0.6315208333333333 0.07131250000000011 0.019291666666666707
0 0.8037734375 0.4496458333333333 0.01064062499999996 0.01987500000000003
30 0.5538125 0.5105625 0.08209375000000008 0.007916666666666683
0 0.8966953124999999 0.46640625 0.009265624999999833 0.008937499999999987
31 0.7530625 0.46253125 0.013968749999999974 0.0025208333333333055
31 0.3584062499999999 0.57265625 0.14265624999999998 0.026104166666666595
0 0.6853359374999999 0.4454479166666667 0.012203124999999981 0.02464583333333331
30 0.2171796875 0.50228125 0.05976562500000002 0.005354166666666604
