0 0.4797734375 0.5258430913348947 0.212890625 0.5213348946135832
0 0.735125 0.2458430913348946 0.05746875000000007 0.2865807962529274
0 0.6376171875000001 0.2519320843091335 0.06601562500000002 0.213559718969555
0 0.33584375 0.2797775175644028 0.06896875000000002 0.27192037470725994
0 0.572921875 0.24896955503512883 0.0569687499999999 0.27480093676814993
0 0.9728828125 0.2151639344262295 0.05423437500000006 0.31271662763466035
0 0.9465625 0.22403981264637002 0.04065624999999995 0.29346604215456673
0 0.017015625 0.304847775175644 0.03156249999999999 0.22327868852459015
3 0.5112656250000001 0.6460655737704918 0.33284375 0.36627634660421543
0 0.7129140625000001 0.44720140515222484 0.19042187500000007 0.3505620608899298
3 0.7371875000000001 0.5972131147540983 0.3148750000000001 0.5108196721311475
3 0.923296875 0.6267213114754098 0.15340624999999997 0.443887587822014
3 0.07518749999999999 0.6013114754098361 0.15037499999999998 0.37086651053864184
3 0.25389062500000004 0.6295550351288056 0.20212500000000003 0.36206088992974234
3 0.9005625000000002 0.4838407494145199 0.1821250000000001 0.19990632318501167
