0 0.6769296875 0.7337002341920374 0.21739062499999995 0.5011241217798594
33 0.275359375 0.3601639344262295 0.21909375 0.11901639344262294
33 0.5148359375 0.5525292740046839 0.09814062499999998 0.033536299765807964
33 0.9570078125000001 0.3955737704918033 0.020828124999999975 0.02051522248243559
33 0.5670078125 0.2818969555035129 0.04898437500000008 0.029929742388758784
0 0.79884375 0.8644730679156909 0.004656250000000028 0.03217798594847776
0 0.2202421875 0.9440749414519906 0.011765625000000002 0.020374707259953162
0 0.220875 0.8517330210772833 0.005874999999999991 0.023138173302107767
0 0.40486718749999995 0.9540281030444966 0.009890624999999986 0.035409836065573796
0 0.43346874999999996 0.9636182669789227 0.009250000000000036 0.04695550351288058
0 0.0174375 0.9645081967213114 0.010374999999999999 0.05042154566744739
0 0.07286718750000001 0.9388407494145199 0.005578125000000003 0.03154566744730691
0 0.053140625 0.9430093676814988 0.004062500000000004 0.0176814988290398
33 0.48912500000000003 0.6189812646370023 0.10353125000000002 0.06798594847775175
33 0.45974218749999995 0.7546370023419203 0.05810937499999996 0.05461358313817333
33 0.5205625 0.3516627634660422 0.019312500000000066 0.023138173302107712
33 0.3208515625 0.04464871194379391 0.016015625000000033 0.01482435597189695
0 0.9663359375 0.9438992974238876 0.010984374999999935 0.029063231850117166
0 0.0635625 0.906943793911007 0.0049999999999999975 0.028360655737704965
