74 0.9062109375 0.49498993963782695 0.09067187499999996 0.10937625754527158
74 0.3086171875 0.10572434607645874 0.058078125000000036 0.1003420523138833
56 0.7800468749999999 0.7764084507042253 0.12215624999999997 0.21796780684104622
56 0.9276328125 0.8243158953722334 0.14473437499999997 0.17342052313883294
0 0.5655390625 0.5441649899396379 0.416953125 0.6635814889336017
75 0.8299140624999999 0.48656941649899393 0.07595312499999995 0.13933601609657942
75 0.7551406250000001 0.4864989939637827 0.08006250000000004 0.13887323943661972
60 0.7677578125 0.9349094567404427 0.46448437499999995 0.13018108651911464
60 0.6515078125 0.8999999999999999 0.18557812500000004 0.13766599597585516
60 0.287921875 0.8895070422535212 0.57584375 0.22098591549295776
