2 0.3496 0.2806953125 0.696109090909091 0.443671875
2 0.5480181818181818 0.1698671875 0.40196363636363647 0.113640625
60 0.5 0.6751484375000001 1.0 0.6322968750000001
0 0.7899727272727273 0.154078125 0.045218181818181824 0.0895625
41 0.7394727272727273 0.507625 0.2233090909090909 0.28243749999999995
42 0.27038181818181817 0.7229296875 0.3596727272727273 0.21714062499999986
45 0.4827454545454546 0.531828125 0.13938181818181827 0.07984374999999999
50 0.7340545454545455 0.7247421875 0.23498181818181818 0.13960937499999992
51 0.41148181818181817 0.48678124999999994 0.030636363636363628 0.08265624999999993
26 0.8020272727272727 0.1435546875 0.019872727272727264 0.021859374999999986
1 0.7535636363636364 0.1851640625 0.048036363636363766 0.044921875
1 0.9022363636363636 0.2904296875 0.19552727272727277 0.32229687500000004
0 0.3127 0.1090546875 0.018672727272727285 0.03542187499999999
2 0.20463636363636364 0.122015625 0.17090909090909095 0.0915
50 0.7007363636363636 0.6485546874999999 0.11365454545454545 0.03945312499999998
0 0.47814545454545454 0.12088281249999999 0.022000000000000075 0.03410937499999998
42 0.9379181818181819 0.5440546874999999 0.12412727272727264 0.03879687499999995
0 0.27191818181818184 0.1046640625 0.018781818181818177 0.04123437500000002
