0 0.46370023419203754 0.569609375 0.7991100702576113 0.7518437499999999
0 0.282599531615925 0.4769531249999999 0.1743793911007025 0.13803124999999994
0 0.33215456674473065 0.41578125 0.09189695550351284 0.11875000000000008
0 0.059777517564402805 0.4059296875 0.11955503512880561 0.11345312500000004
0 0.7949882903981265 0.46734375 0.12491803278688518 0.09909375000000009
0 0.908032786885246 0.49228906249999993 0.18000000000000005 0.12198437499999998
38 0.705784543325527 0.15476562499999996 0.11414519906323184 0.22490624999999995
0 0.18918032786885247 0.408109375 0.1493208430913349 0.1403125
0 0.05152224824355973 0.502625 0.09892271662763467 0.07750000000000007
0 0.17495316159250585 0.4975546875 0.16021077283372365 0.08770312499999999
0 0.09413348946135831 0.462734375 0.12133489461358313 0.10790624999999998
