27 0.0605234375 0.46838050314465407 0.03301562499999999 0.3211006289308176
27 0.6522421875 0.3889150943396226 0.01295312500000001 0.19625786163522008
26 0.656859375 0.8358805031446541 0.04740624999999987 0.17182389937106912
26 0.5232578125 0.39223270440251573 0.016171875000000058 0.15968553459119494
0 0.9200546875000001 0.5089779874213837 0.15185937500000013 0.955062893081761
0 0.14838281250000002 0.5858018867924528 0.09814062500000001 0.8283962264150944
0 0.22510937499999997 0.5587893081761006 0.10831249999999998 0.6606603773584906
0 0.2892109375 0.5976572327044025 0.08073437500000002 0.804685534591195
0 0.34214062500000003 0.5806761006289309 0.09593750000000001 0.8104716981132077
0 0.42262500000000003 0.5775314465408805 0.12393749999999998 0.7775157232704402
0 0.7073906249999999 0.5817924528301887 0.11731250000000004 0.8364150943396227
0 0.597421875 0.21135220125786164 0.07809374999999996 0.22704402515723274
0 0.550234375 0.4979716981132075 0.12228125000000001 0.6062578616352201
0 0.6425859375 0.5572955974842767 0.079265625 0.7910062893081761
0 0.7938828125 0.5629245283018868 0.1429218750000001 0.8651572327044026
0 0.4812421875 0.491996855345912 0.10326562500000003 0.8623584905660377
73 0.5573359375 0.5935691823899371 0.07145312500000012 0.1300943396226415
56 0.1047578125 0.8411163522012579 0.05317187500000001 0.3177672955974843
73 0.45627343750000005 0.6375157232704403 0.024328124999999978 0.07396226415094342
73 0.2973203125 0.5596855345911949 0.06629687499999998 0.19559748427672952
0 0.060015624999999996 0.5576415094339623 0.11743749999999999 0.8519496855345912
0 0.40703125 0.7767295597484276 0.4515625 0.44025157232704404
