62 0.5378958333333334 0.0713671875 0.06358333333333333 0.09645312499999999
56 0.64346875 0.19560156250000002 0.15835416666666657 0.18298437500000003
56 0.47250000000000003 0.2496796875 0.2246666666666668 0.11326562499999998
56 0.19970833333333335 0.7995625 0.39366666666666666 0.3771562500000001
63 0.6604791666666667 0.40090625 0.450375 0.22803124999999996
63 0.431375 0.32028125 0.26612500000000006 0.17859375
58 0.5933958333333333 0.1649921875 0.09270833333333328 0.05742187500000001
41 0.8416770833333334 0.50715625 0.12397916666666664 0.112375
41 0.7064270833333334 0.5078671875 0.10922916666666671 0.15151562499999993
23 0.12898958333333332 0.6887578125 0.2495208333333333 0.13970312500000004
60 0.6149166666666667 0.64196875 0.7701666666666667 0.5720000000000001
