0 0.5390360169491525 0.5168828125 0.1551059322033898 0.307078125
38 0.46566737288135596 0.4818203125 0.037182203389830526 0.041140624999999986
32 0.2977012711864407 0.6440546875000001 0.015529661016949192 0.011578124999999995
32 0.29512711864406777 0.626 0.01444915254237289 0.01259374999999996
32 0.3124576271186441 0.64178125 0.015805084745762754 0.01403125000000005
32 0.3126483050847458 0.6300234375 0.015042372881355903 0.010390624999999987
32 0.2952648305084746 0.6146093749999999 0.014216101694915273 0.010249999999999981
32 0.6482097457627118 0.569046875 0.008834745762711926 0.007437499999999986
32 0.7658474576271186 0.5598828124999999 0.009322033898304993 0.006390624999999872
32 0.31601694915254236 0.6199453125000001 0.01576271186440681 0.009671874999999996
32 0.31134533898305083 0.6539531249999999 0.01078389830508475 0.009312499999999946
32 0.298728813559322 0.6352578125 0.015042372881355903 0.010015625000000083
