5 0.531546875 0.4935294117647059 0.7772187500000001 0.8295999999999999
0 0.645140625 0.5381529411764706 0.03962500000000002 0.06162352941176463
0 0.44971875000000006 0.1264 0.07312500000000005 0.03722352941176471
0 0.5751953125 0.18116470588235295 0.06189062499999998 0.11094117647058824
0 0.6538124999999999 0.18816470588235296 0.06912499999999999 0.10912941176470589
0 0.49252343750000005 0.1274235294117647 0.045859375000000036 0.10261176470588239
10 0.7872578125 0.877564705882353 0.0777968750000001 0.1642117647058824
0 0.7365703125 0.29118823529411764 0.038328124999999935 0.07696470588235299
0 0.5885703124999999 0.528164705882353 0.065546875 0.10668235294117645
0 0.781890625 0.29310588235294116 0.03484374999999995 0.04988235294117649
