73 0.521625 0.6757187499999999 0.37921874999999994 0.4314791666666666
0 0.9376015625 0.11261458333333334 0.12479687500000003 0.22522916666666667
40 0.12 0.5129374999999999 0.24 0.48470833333333324
40 0.18870312499999997 0.37671875 0.17596874999999998 0.4473541666666667
40 0.2915625 0.2730625 0.137 0.4051666666666667
40 0.45053125000000005 0.2297395833333333 0.1176875 0.40281249999999996
40 0.5987421875000001 0.22839583333333335 0.11964062500000006 0.3929166666666667
40 0.8894140625 0.5211770833333333 0.20823437499999997 0.5153125
40 0.7183984374999999 0.08370833333333333 0.09451562499999999 0.1665833333333333
40 0.766703125 0.25776041666666666 0.13774999999999993 0.4054791666666666
40 0.37359375 0.08040625 0.08684375 0.1608125
40 0.482265625 0.05630208333333333 0.09628124999999998 0.11035416666666666
40 0.5960078125 0.032052083333333335 0.08757812500000006 0.06410416666666667
41 0.0342109375 0.18579166666666663 0.068421875 0.1659583333333333
40 0.8473984375000001 0.3753229166666667 0.17532812500000006 0.45972916666666663
41 0.8180625000000001 0.07978125 0.11043750000000008 0.1414375
40 0.0685078125 0.0675625 0.09542187499999999 0.135125
