56 0.7945416666666667 0.713359375 0.34195833333333325 0.29956249999999995
56 0.6321979166666667 0.5461015625 0.11977083333333327 0.05226562499999998
56 0.10646875 0.401765625 0.07685416666666668 0.09175
1 0.20353125 0.38853125 0.1015625 0.08928125000000003
0 0.46039583333333334 0.4789609375 0.23916666666666658 0.6838593749999999
0 0.23998958333333337 0.33768750000000003 0.08506250000000004 0.08400000000000002
0 0.10758333333333334 0.31764843750000005 0.018750000000000003 0.040515625
0 0.1410625 0.3209921875 0.05970833333333335 0.064359375
0 0.3382395833333333 0.30321875 0.03577083333333331 0.08940625000000002
28 0.5486458333333333 0.6382578125 0.1778333333333333 0.16767187500000003
0 0.9835729166666667 0.4211171875 0.03285416666666663 0.223328125
56 0.255 0.3577578125 0.0579166666666667 0.044984374999999965
60 0.89646875 0.553859375 0.20706249999999993 0.042343750000000124
60 0.09088541666666666 0.4018828125 0.17727083333333332 0.09832812499999999
0 0.6031666666666666 0.30086718749999997 0.0761666666666666 0.06839062499999998
56 0.6444479166666666 0.5128828125 0.09243750000000006 0.038015625
56 0.37645833333333334 0.6387031249999999 0.16504166666666664 0.24315625000000007
0 0.7162604166666666 0.3941484375 0.04731249999999987 0.17660937499999996
2 0.18366666666666664 0.2982265625 0.08008333333333331 0.02889062500000006
2 0.186125 0.28384374999999995 0.07558333333333334 0.022374999999999978
28 0.35569791666666667 0.618390625 0.2099375 0.16546875000000005
