6 0.22705468750000002 0.5359562211981567 0.44801562500000003 0.4247235023041474
6 0.52565625 0.4955645161290323 0.16799999999999998 0.2092396313364056
0 0.10627343749999998 0.6444585253456221 0.08289062499999998 0.3971198156682027
0 0.686546875 0.5613940092165899 0.04212499999999997 0.1975806451612903
0 0.8193984375 0.6141589861751151 0.09535937499999991 0.32891705069124416
0 0.8814531250000001 0.6018663594470046 0.08612500000000001 0.30880184331797245
0 0.9790390625 0.7030990783410138 0.04192187500000011 0.5263824884792627
26 0.8438984375 0.6339285714285714 0.016390625000000103 0.04721198156682027
0 0.9136874999999999 0.6685714285714286 0.029187499999999922 0.2171428571428572
0 0.9518671875 0.6704608294930876 0.026734374999999977 0.2526728110599078
0 0.1711328125 0.6412096774193549 0.08254687499999999 0.36836405529953925
26 0.8161640625 0.6808870967741936 0.08260937499999998 0.1001612903225807
