16 0.22990625 0.7377303370786517 0.08618750000000003 0.1484943820224719
0 0.785796875 0.7820224719101123 0.11240624999999993 0.18319101123595505
0 0.2189453125 0.5086516853932584 0.09910937500000003 0.1950112359550562
0 0.388421875 0.588876404494382 0.06375000000000003 0.3345168539325843
0 0.7655859375 0.5441123595505618 0.030140625000000032 0.12292134831460677
0 0.6859921875 0.5731910112359551 0.05798437499999998 0.31721348314606734
33 0.33997656249999997 0.48820224719101124 0.136890625 0.32885393258426965
33 0.439296875 0.36973033707865166 0.15459374999999997 0.10957303370786514
33 0.7700078125 0.09189887640449437 0.07201562500000003 0.11440449438202244
33 0.22079687499999998 0.6733033707865168 0.18971875 0.173258426966292
33 0.5885156250000001 0.4461460674157304 0.19196875000000008 0.1178202247191012
0 0.1612734375 0.5979101123595506 0.055015624999999985 0.3028764044943821
0 0.29484375 0.5422584269662922 0.06903124999999999 0.40110112359550565
0 0.45704687499999996 0.45864044943820226 0.06484375000000003 0.08343820224719095
0 0.5017812500000001 0.4605505617977528 0.05625000000000002 0.10119101123595503
16 0.12294531249999999 0.8537640449438202 0.04173437499999999 0.12415730337078645
26 0.32463281250000003 0.8814606741573034 0.10126562500000003 0.13307865168539335
33 0.1175234375 0.3911460674157303 0.017609374999999983 0.019460674157303348
33 0.2259921875 0.30291011235955057 0.025484375000000004 0.02294382022471908
0 0.7190156249999999 0.7205393258426966 0.10834375000000007 0.1472359550561798
26 0.5880390625 0.7957977528089888 0.05242187499999995 0.13941573033707866
26 0.3820234375 0.8801123595505619 0.03198437500000001 0.0755056179775282
26 0.4234765625 0.8599438202247192 0.05479687500000002 0.10226966292134831
26 0.6244765624999999 0.9632022471910112 0.135046875 0.07359550561797756
26 0.561796875 0.7679662921348314 0.05440624999999999 0.11220224719101124
0 0.0971796875 0.8662921348314606 0.049578125 0.20552808988764038
0 0.049085937499999996 0.8606516853932584 0.096953125 0.2731685393258426
0 0.10800000000000001 0.5960561797752809 0.06981250000000001 0.3032584269662921
0 0.50078125 0.7056179775280899 0.9953124999999999 0.5842696629213484
