3 0.7534218749999999 0.4759133489461358 0.21246874999999987 0.1881733021077283
0 0.289796875 0.5462412177985948 0.3847812500000001 0.8132786885245902
0 0.7695390625 0.39371194379391106 0.07773437500000002 0.21688524590163932
0 0.8241484375 0.4082552693208431 0.052203124999999906 0.22400468384074945
46 0.42019531250000003 0.7354332552693208 0.031265624999999964 0.05044496487119443
46 0.262375 0.9268969555035129 0.12593749999999998 0.14381733021077292
46 0.78128125 0.6743325526932085 0.10887500000000006 0.1518969555035129
46 0.6860468750000001 0.8307259953161592 0.33087500000000003 0.3385480093676815
46 0.44515625000000003 0.8481030444964871 0.27471874999999996 0.3037939110070258
7 0.0346640625 0.3342740046838407 0.062390625 0.6597423887587821
46 0.902484375 0.8429859484777518 0.1950312500000001 0.31126463700234186
46 0.26067968750000003 0.7832903981264637 0.12135937499999999 0.14470725995316158
46 0.17740625 0.8502224824355973 0.05206250000000001 0.06709601873536297
46 0.4699609375 0.6295316159250586 0.064359375 0.13700234192037475
