74 0.37759374999999995 0.15851024208566106 0.053093749999999995 0.059031657355679695
0 0.1748046875 0.6452700186219739 0.14551562499999998 0.45497206703910614
0 0.4902734375 0.7337523277467413 0.02220312499999999 0.11163873370577282
0 0.524375 0.7262569832402235 0.0445937500000001 0.12487895716945996
0 0.5594453125000001 0.7214245810055866 0.02714062500000003 0.08940409683426431
0 0.6958046875 0.7236499068901304 0.03492187499999999 0.09590316573556801
0 0.8779765625 0.7139851024208566 0.028390625000000003 0.07895716945996267
0 0.92303125 0.734413407821229 0.04025000000000001 0.07731843575418995
0 0.3675859375 0.6757635009310987 0.024703124999999992 0.07666666666666666
13 0.9207265625000001 0.755 0.07789062499999999 0.033724394785847434
26 0.68278125 0.7397486033519554 0.013812500000000005 0.023109869646182557
26 0.5693671874999999 0.7098696461824954 0.008421874999999912 0.02324022346368715
0 0.402578125 0.6771787709497206 0.018843750000000048 0.07122905027932969
0 0.86190625 0.7129329608938547 0.025812500000000016 0.07986964618249526
0 0.6469140625 0.673314711359404 0.018578125 0.07512104283054011
0 0.9215078125 0.7142923649906889 0.010328125000000021 0.02679702048417132
0 0.4831640625 0.6702420856610801 0.019296875000000047 0.059366852886405974
13 0.953234375 0.7166666666666667 0.025249999999999995 0.04528864059590321
24 0.33609375 0.6903351955307262 0.013624999999999998 0.031284916201117396
0 0.33671875 0.6899441340782122 0.014062499999999978 0.03165735567970207
