25 0.2699296875 0.536484375 0.387359375 0.28365624999999994
0 0.5325859374999999 0.6802265625 0.310109375 0.615734375
0 0.8900234375 0.7471640625 0.21995312499999997 0.482984375
0 0.85653125 0.5247578125 0.18774999999999997 0.361796875
0 0.7131015625000001 0.6599375 0.18385937500000005 0.5419687499999999
26 0.779765625 0.7474609374999999 0.04925000000000013 0.128234375
26 0.777015625 0.9411875000000001 0.059968750000000015 0.10131250000000003
26 0.7641171875000001 0.5282265625 0.027328125000000036 0.13742187499999992
26 0.6702109375 0.9220703125 0.10454687499999993 0.15423437500000003
0 0.2015703125 0.8039765624999999 0.318765625 0.392046875
0 0.9473515625 0.42097656250000004 0.06970312500000009 0.12985937500000005
