17 0.7544531250000001 0.7931944444444443 0.18709375000000006 0.29155555555555546
17 0.663640625 0.762875 0.11134374999999996 0.14080555555555563
17 0.568640625 0.8233611111111112 0.12190624999999988 0.21766666666666667
0 0.4335 0.8043194444444444 0.03340624999999997 0.15263888888888888
0 0.6442656250000001 0.7160416666666667 0.04615625000000001 0.2220833333333333
0 0.471765625 0.8050138888888889 0.03459374999999998 0.1569166666666667
0 0.1028125 0.8114861111111111 0.02831249999999999 0.11125000000000007
0 0.0633828125 0.8049444444444445 0.018109374999999997 0.13116666666666665
0 0.5792890625 0.7164027777777777 0.05635937499999999 0.21280555555555547
0 0.747890625 0.7159444444444445 0.04365624999999995 0.22122222222222232
0 0.15518750000000003 0.8017638888888889 0.027281250000000007 0.12936111111111104
2 0.130609375 0.7769861111111112 0.0366875 0.04674999999999996
2 0.0900703125 0.7782361111111111 0.024703124999999992 0.037972222222222296
