3 0.0888359375 0.4648391089108911 0.05657812500000001 0.061806930693069306
3 0.051398437500000005 0.47327970297029703 0.028296875000000006 0.06017326732673267
7 0.6567890625 0.46142326732673267 0.5503906250000001 0.3348267326732674
26 0.16691406250000002 0.5216955445544554 0.03539062500000001 0.1118069306930693
26 0.10642187500000001 0.719591584158416 0.05462500000000001 0.15309405940594067
0 0.16628125 0.6064232673267327 0.13196874999999997 0.40324257425742577
0 0.307671875 0.551769801980198 0.06884374999999998 0.11809405940594064
0 0.3993203125 0.5511633663366337 0.07723437499999997 0.14143564356435645
0 0.6191875 0.6348391089108911 0.10071874999999997 0.4381930693069307
0 0.720390625 0.6072153465346535 0.09309374999999998 0.16556930693069305
0 0.8642734375000001 0.6097153465346534 0.1079531250000001 0.21259900990099
0 0.9720156249999999 0.5405445544554456 0.05596875000000012 0.35361386138613865
0 0.4825078125000001 0.5553094059405941 0.08520312500000005 0.17116336633663365
0 0.5714687500000001 0.5862871287128713 0.044781249999999995 0.126881188118812
0 0.3596875 0.49769801980198014 0.050718750000000035 0.1857920792079208
0 0.3395390625 0.5003094059405941 0.04960937500000001 0.06452970297029703
45 0.5579453125 0.6990594059405941 0.07860937500000009 0.09678217821782187
3 0.2776328125 0.4709653465346535 0.034859375000000026 0.09668316831683166
3 0.31690625000000006 0.4593440594059406 0.03246874999999999 0.07027227722772272
7 0.3095625 0.4309034653465347 0.05871875000000004 0.09646039603960394
0 0.2521171875 0.5837623762376237 0.06223437499999998 0.31495049504950495
2 0.939109375 0.44273514851485146 0.05878125000000001 0.10834158415841588
45 0.681125 0.7116584158415841 0.04146874999999994 0.10851485148514839
45 0.7465625 0.718898514851485 0.09009374999999986 0.11249999999999993
2 0.382921875 0.4404826732673267 0.07196875000000003 0.1221039603960396
