6 0.501515625 0.5449414519906323 0.59221875 0.5281030444964872
0 0.0690078125 0.6194028103044495 0.043140624999999995 0.1341686182669789
6 0.9869921875000001 0.527903981264637 0.026015624999999987 0.2629274004683841
9 0.8732968750000001 0.4681967213114755 0.0075312500000001 0.020749414519906362
9 0.8663749999999999 0.4436299765807963 0.008437499999999987 0.02163934426229508
9 0.1525 0.4350702576112412 0.01734374999999999 0.054543325526932085
9 0.7965 0.425807962529274 0.02518749999999992 0.039156908665105405
9 0.9316640624999999 0.4756440281030445 0.004640625000000065 0.011007025761124056
9 0.8465624999999999 0.4235128805620609 0.026937499999999948 0.025339578454332545
9 0.7933359375 0.4727634660421546 0.030859375000000022 0.049976580796252945
