58 0.13878125000000002 0.3719166666666667 0.02787500000000001 0.07774999999999999
39 0.8572890625 0.5346562499999999 0.039078124999999964 0.17981249999999993
41 0.7644296875 0.6404479166666666 0.06314062499999995 0.05714583333333334
41 0.8866875000000001 0.6927291666666666 0.03831249999999997 0.07266666666666666
45 0.747703125 0.5076666666666667 0.11990624999999988 0.06583333333333341
68 0.035390624999999995 0.25211458333333336 0.07078124999999999 0.11460416666666667
69 0.46359375 0.6955729166666667 0.09074999999999994 0.3761458333333333
71 0.300859375 0.49681250000000005 0.20356249999999998 0.038833333333333386
39 0.5563750000000001 0.1423333333333333 0.014156249999999981 0.03774999999999999
39 0.5430234375 0.08934375 0.004671875000000103 0.03585416666666667
39 0.5487734375 0.08827083333333333 0.0062968749999998685 0.03708333333333333
39 0.5652734375 0.07954166666666668 0.007109374999999973 0.03966666666666667
39 0.593078125 0.13046875000000002 0.006687499999999957 0.04502083333333336
39 0.5876171875 0.134375 0.004796875000000034 0.04058333333333332
39 0.5703828125 0.14172916666666668 0.007390624999999984 0.04400000000000001
41 0.852640625 0.6802916666666665 0.037406250000000085 0.0675
41 0.758515625 0.5906666666666667 0.04818749999999994 0.05204166666666665
41 0.891546875 0.64546875 0.05878125000000001 0.07006250000000003
45 0.7501015625 0.5453854166666666 0.111328125 0.05356249999999996
58 0.1774453125 0.38236458333333334 0.046578125 0.0654791666666667
39 0.5921875 0.06627083333333333 0.006093750000000009 0.040249999999999994
39 0.5310312500000001 0.15275 0.005031250000000043 0.038458333333333344
41 0.45380468749999997 0.46079166666666665 0.030953125000000026 0.06974999999999998
45 0.56153125 0.49873958333333335 0.10550000000000004 0.08397916666666666
69 0.1110390625 0.676625 0.190921875 0.32466666666666677
41 0.4731171875 0.40532291666666664 0.024296874999999996 0.04518749999999999
