14 0.968546875 0.9075208333333333 0.059687500000000115 0.15054166666666668
14 0.31746875 0.5298645833333333 0.07578125000000002 0.10185416666666663
14 0.91159375 0.48778125000000006 0.042156250000000006 0.0621458333333334
18 0.223875 0.7715416666666666 0.39278124999999997 0.4375
2 0.85575 0.34671875 0.26031249999999995 0.19739583333333335
2 0.741125 0.2924791666666666 0.2499999999999999 0.16774999999999995
2 0.437203125 0.2865625 0.11712500000000003 0.11229166666666668
2 0.33887500000000004 0.2654375 0.10600000000000004 0.0929166666666667
2 0.6072187499999999 0.24604166666666666 0.08978125000000003 0.07562500000000003
0 0.5986562500000001 0.58071875 0.2555937500000001 0.8116458333333332
0 0.46784375 0.7411875 0.24150000000000005 0.5150000000000001
0 0.14937499999999998 0.55790625 0.29874999999999996 0.8617291666666667
24 0.51284375 0.7449270833333334 0.14703125 0.21947916666666667
39 0.5349375 0.7709479166666666 0.03990625000000003 0.1138541666666667
14 0.9471406250000001 0.48521875000000003 0.05531249999999999 0.07852083333333337
14 0.322234375 0.4449270833333333 0.057499999999999996 0.06793750000000004
