14 0.6814399999999999 0.8625748502994012 0.10131999999999985 0.11209580838323352
14 0.45661 0.7489670658682636 0.06301999999999996 0.07601796407185635
14 0.6293599999999999 0.5626646706586826 0.055439999999999934 0.06940119760479047
14 0.69108 0.4667814371257485 0.057719999999999994 0.05182634730538921
14 0.84659 0.4012425149700598 0.051899999999999946 0.058053892215568836
14 0.6312800000000001 0.48332335329341314 0.019600000000000062 0.05868263473053892
14 0.7001000000000002 0.39360778443113775 0.046560000000000046 0.04553892215568861
14 0.08170999999999999 0.9379790419161677 0.12902 0.08368263473053883
14 0.23481000000000002 0.7608832335329341 0.11434000000000002 0.1094910179640719
14 0.52996 0.3998802395209581 0.03608 0.0389820359281437
14 0.30526 0.5296706586826347 0.06631999999999999 0.05143712574850301
0 0.9502200000000001 0.13588323353293413 0.05447999999999997 0.1911676646706587
14 0.48838000000000004 0.5216167664670659 0.043920000000000015 0.0594011976047904
14 0.67509 0.3368562874251497 0.03190000000000004 0.026526946107784444
26 0.9375199999999999 0.13892215568862276 0.024679999999999924 0.05125748502994014
26 0.9315599999999999 0.12914670658682637 0.01763999999999999 0.027395209580838326
2 0.23584 0.14414670658682632 0.32211999999999996 0.1452994011976048
2 0.3133 0.12441616766467067 0.25184000000000006 0.15146706586826347
2 0.60556 0.1373802395209581 0.31744 0.19595808383233534
2 0.05738000000000001 0.12431137724550897 0.09084000000000002 0.07239520958083832
11 0.79217 0.07284431137724551 0.017139999999999933 0.02263473053892215
14 0.5764800000000001 0.6733682634730539 0.02955999999999992 0.08032934131736513
2 0.79742 0.12270958083832335 0.049799999999999955 0.07637724550898203
2 0.76205 0.11585329341317366 0.0406200000000001 0.13649700598802395
2 0.89257 0.11985029940119761 0.04282000000000008 0.05568862275449102
2 0.94986 0.12802395209580839 0.10027999999999992 0.05724550898203594
2 0.40129000000000004 0.10940119760479042 0.09886 0.09526946107784433
2 0.02147 0.1305988023952096 0.04294 0.07688622754491017
2 0.44086000000000003 0.08901197604790419 0.051639999999999964 0.033532934131736525
2 0.85481 0.1183383233532934 0.06553999999999993 0.05685628742514967
14 0.9299599999999999 0.48928143712574845 0.07287999999999994 0.08556886227544908
14 0.426 0.4491017964071856 0.848 0.5688622754491017
