27 0.41272656249999995 0.16281176470588235 0.016984374999999996 0.10364705882352941
27 0.622296875 0.35978823529411763 0.02603125000000006 0.08795294117647057
27 0.84203125 0.8133882352941176 0.025999999999999912 0.08672941176470594
24 0.054375 0.879164705882353 0.1006875 0.1877882352941176
0 0.6715546875 0.9658235294117647 0.06860937499999997 0.06835294117647062
0 0.6237734374999999 0.4361058823529411 0.110421875 0.3146117647058823
0 0.8894609375 0.4661411764705883 0.12657812499999999 0.29110588235294116
0 0.1410234375 0.7179764705882352 0.13579687499999998 0.31237647058823526
0 0.36984375 0.712 0.09349999999999997 0.3637176470588235
0 0.8890390625 0.9373058823529412 0.07757812499999994 0.10515294117647056
0 0.7864296875000001 0.26067058823529415 0.12235937499999994 0.2741411764705883
0 0.8535781250000001 0.8146 0.10743750000000007 0.2224705882352941
0 0.24569531249999998 0.9835411764705883 0.04239062499999999 0.032917647058823496
27 0.1574765625 0.6484470588235294 0.011484374999999991 0.10640000000000005
28 0.5534765625 0.8338588235294118 0.09973437499999993 0.18136470588235287
28 0.23121875 0.8632941176470588 0.11303124999999997 0.1780235294117648
28 0.4621484375 0.5021529411764706 0.08745312499999991 0.16981176470588233
28 0.4927734375 0.6547647058823529 0.06057812499999998 0.204070588235294
28 0.35275 0.5081529411764706 0.10337500000000005 0.16011764705882353
28 0.2443125 0.4844 0.10553124999999997 0.09590588235294117
28 0.5713203125 0.5800588235294117 0.107328125 0.0756
28 0.3727578125 0.44290588235294115 0.08501562499999993 0.18091764705882357
28 0.3159140625 0.835 0.061046875 0.23936470588235303
28 0.2274140625 0.7525999999999999 0.11604687500000002 0.10185882352941189
28 0.238546875 0.6723529411764706 0.08803125 0.09030588235294124
28 0.2419140625 0.6136588235294118 0.11070312499999996 0.12388235294117644
0 0.035234375 0.8846705882352941 0.07046875 0.2306588235294117
28 0.17874218749999998 0.3951882352941177 0.055984375 0.21400000000000008
0 0.4011171874999999 0.17723529411764707 0.10923437499999994 0.2827529411764706
28 0.59140625 0.5529411764705883 0.8140624999999999 0.8894117647058823
