27 0.6303671875 0.54953125 0.024265624999999957 0.050437500000000024
0 0.8067421875 0.6606666666666667 0.38651562500000003 0.6696666666666666
0 0.6495859374999999 0.5485 0.27551562500000004 0.4430833333333333
0 0.5155078125 0.35492708333333334 0.06251562500000002 0.1666875
47 0.390453125 0.9232395833333333 0.055781250000000004 0.04656249999999995
47 0.1071171875 0.8617187500000001 0.05901562499999999 0.058812500000000045
47 0.29464062500000004 0.7227604166666667 0.035812500000000025 0.03356249999999994
0 0.41298437499999996 0.30959375 0.10915625000000001 0.2610625
0 0.6799765625 0.3347291666666667 0.10935937500000004 0.2583333333333333
0 0.7890937499999999 0.45249999999999996 0.16493749999999985 0.3826249999999999
0 0.82696875 0.32352083333333337 0.07578125000000002 0.181375
0 0.452171875 0.43121875 0.19187500000000002 0.33010416666666664
0 0.5981640625 0.39165625000000004 0.11929687500000008 0.2117291666666667
0 0.9785078125 0.36887499999999995 0.040953125000000035 0.28525
47 0.0607421875 0.34643749999999995 0.12101562500000002 0.06266666666666659
47 0.072671875 0.6806979166666667 0.04128125 0.02822916666666664
47 0.3718046875 0.6836666666666666 0.743609375 0.6326666666666667
0 0.498421875 0.20208333333333334 0.05843749999999992 0.09091666666666667
