39 0.47796874999999994 0.45268878718535466 0.17768749999999994 0.8967734553775744
39 0.60134375 0.42805491990846684 0.13034374999999998 0.8416475972540046
40 0.33665625 0.5784096109839817 0.2934375 0.8422196796338673
40 0.6498203124999999 0.5707894736842105 0.28079687500000006 0.858421052631579
45 0.181828125 0.7685354691075514 0.2930625 0.2876430205949657
45 0.082859375 0.898878718535469 0.16571875 0.17977116704805496
60 0.2531796875 0.8764073226544622 0.506359375 0.24270022883295195
40 0.94809375 0.7884096109839818 0.10381250000000009 0.4231807780320366
40 0.66596875 0.8970022883295194 0.3529375 0.2059954233409611
56 0.807625 0.3710983981693363 0.38475000000000004 0.5468649885583523
