74 0.5757505518763797 0.5723203125 0.1107947019867549 0.09117187500000012
0 0.5381677704194261 0.872171875 0.05258278145695361 0.10303125000000002
0 0.6071854304635762 0.8623281250000001 0.03004415011037531 0.05874999999999997
0 0.3469094922737307 0.94440625 0.05929359823399555 0.11106250000000006
0 0.31231788079470196 0.9756796875 0.04896247240618101 0.04864062499999999
0 0.18242825607064017 0.9406015624999999 0.058145695364238414 0.09526562500000002
0 0.2813355408388521 0.881578125 0.04602649006622517 0.09150000000000014
0 0.8510154525386313 0.905203125 0.04264900662251658 0.12406249999999996
0 0.24621412803532006 0.960703125 0.04779249448123621 0.0785937499999999
0 0.573719646799117 0.8542890625 0.03949227373068431 0.06442187500000007
0 0.6249448123620309 0.93159375 0.052185430463576155 0.0915625000000001
26 0.6236203090507726 0.9343671874999999 0.03942604856512144 0.04764062499999999
26 0.20618101545253864 0.950484375 0.018233995584988977 0.02328125000000003
26 0.5290618101545255 0.7640078125 0.016225165562913868 0.019265624999999953
62 0.7323509933774834 0.9581718750000001 0.10916114790286968 0.07578125000000002
0 0.3086975717439294 0.8932968749999999 0.04335540838852098 0.06843749999999993
0 0.501280353200883 0.8589374999999999 0.02529801324503317 0.06968750000000001
0 0.5956843267108168 0.735109375 0.023686534216335486 0.025843750000000054
26 0.31770419426048563 0.987671875 0.015055187637969092 0.024656249999999935
26 0.06108167770419426 0.37309375 0.04233995584988962 0.03690625000000003
0 0.4922737306843267 0.3953125 0.966887417218543 0.259375
