45 0.4767421875 0.25515625 0.442265625 0.5103125
45 0.809984375 0.5365833333333334 0.379375 0.5407500000000001
45 0.4698046875 0.75 0.41817187499999997 0.4762916666666668
45 0.1743359375 0.49479166666666663 0.348671875 0.4524166666666667
51 0.4456796875 0.6516666666666666 0.301296875 0.14987499999999998
51 0.4614687499999999 0.7846979166666668 0.40765624999999994 0.15764583333333337
51 0.4129375 0.9435208333333334 0.18353125000000003 0.08470833333333339
51 0.375875 0.86353125 0.18000000000000005 0.1082291666666666
51 0.5638203125 0.9082291666666666 0.12882812500000002 0.08470833333333316
50 0.33222656250000004 0.16122916666666667 0.07082812500000002 0.10029166666666667
51 0.5775937499999999 0.3212291666666667 0.1534375 0.27
60 0.50084375 0.4955104166666666 0.9983125 0.9865208333333333
