25 0.4757657657657658 0.21842 0.47237237237237245 0.39776
0 0.1558108108108108 0.41281 0.13366366366366367 0.11234
0 0.6868018018018018 0.35639 0.0663363363363364 0.08410000000000001
0 0.8939039039039038 0.47336 0.10720720720720722 0.11704000000000003
0 0.8580030030030029 0.3677 0.08225225225225219 0.08351999999999998
13 0.842987987987988 0.41052 0.08429429429429425 0.051639999999999964
13 0.7017267267267266 0.41329 0.06747747747747745 0.04381999999999997
60 0.7755855855855855 0.40132 0.09507507507507518 0.06995999999999997
60 0.7333183183183183 0.37303 0.04267267267267261 0.03949999999999998
0 0.979099099099099 0.37332999999999994 0.008348348348348189 0.01577999999999996
0 0.3550900900900901 0.5238100000000001 0.32993993993994 0.9159400000000001
