3 0.35538281250000003 0.6677868852459017 0.271984375 0.4662060889929742
3 0.683078125 0.4462177985948478 0.125625 0.2305620608899297
3 0.5092421874999999 0.33571428571428574 0.02076562500000001 0.08791569086651058
3 0.4925390625 0.4172950819672131 0.03707812500000002 0.1623185011709602
3 0.526515625 0.31679156908665107 0.018625000000000003 0.06510538641686187
3 0.6102421875 0.35326697892271663 0.04098437500000007 0.0811475409836066
0 0.3863203125 0.3358313817330211 0.2180781249999999 0.4702107728337237
0 0.4624375 0.28372365339578454 0.08750000000000002 0.18918032786885247
0 0.488671875 0.24878220140515223 0.04574999999999996 0.09049180327868855
0 0.5129296875 0.24405152224824356 0.02754687499999997 0.06173302107728337
0 0.5940546874999999 0.2955971896955504 0.0511093749999999 0.16168618266978924
0 0.7936562500000001 0.28669789227166276 0.02187500000000009 0.08533957845433252
0 0.6576875 0.3568149882903981 0.14649999999999996 0.32126463700234187
0 0.8238671875000001 0.28565573770491803 0.02017187499999995 0.08601873536299764
0 0.5316796874999999 0.24578454332552693 0.025390625 0.05466042154566747
7 0.8023515625 0.2732435597189696 0.08948437499999995 0.061007025761124156
9 0.26496875 0.1248360655737705 0.01143749999999999 0.041288056206089
9 0.3223359375 0.1600585480093677 0.011796874999999984 0.030140515222482428
9 0.6742578125 0.1659367681498829 0.010296874999999983 0.02494145199063233
26 0.9850625 0.29840749414519907 0.02009375000000002 0.06510538641686181
0 0.6192265625 0.2841334894613583 0.06814062499999995 0.14779859484777516
0 0.9885468750000002 0.3163348946135831 0.02100000000000002 0.15262295081967212
3 0.538515625 0.29914519906323184 0.018468749999999923 0.07810304449648708
3 0.5213984375 0.26956674473067915 0.016046874999999905 0.02147540983606555
3 0.5905390625 0.2883606557377049 0.014734375000000077 0.05138173302107729
3 0.5760937500000001 0.2851990632318502 0.012562500000000032 0.047072599531615966
3 0.58503125 0.2573653395784543 0.019156249999999986 0.018805620608899315
3 0.591046875 0.3154918032786885 0.021500000000000075 0.08133489461358312
0 0.19259374999999998 0.2704449648711944 0.009531249999999991 0.037939110070257576
0 0.75628125 0.27477751756440283 0.017343750000000102 0.0666042154566745
9 0.3087109375 0.03560889929742389 0.018109374999999983 0.03618266978922716
26 0.8128515625 0.29640515222482433 0.009046874999999899 0.022927400468384096
3 0.34765625 0.6861826697892272 0.2796875 0.468384074941452
