39 0.08687500000000001 0.267593896713615 0.04690625 0.245093896713615
39 0.019328125 0.2704342723004695 0.03578125 0.2516197183098592
56 0.41059375 0.8082981220657277 0.47118750000000004 0.3550469483568076
0 0.524703125 0.5968427230046949 0.42275 0.6914319248826293
40 0.8406328125 0.6513145539906103 0.08676562499999996 0.25169014084507046
40 0.147984375 0.3359741784037559 0.05103125 0.10960093896713619
40 0.5369921875 0.8303403755868546 0.09273437500000004 0.3033568075117371
45 0.67228125 0.29063380281690143 0.11743750000000008 0.0927699530516432
60 0.872140625 0.7905399061032863 0.25571875 0.13056338028169023
69 0.27518750000000003 0.5844014084507042 0.21909375 0.4005868544600939
71 0.589328125 0.3410328638497653 0.07309374999999996 0.016197183098591583
39 0.041453125 0.26055164319248825 0.06271875 0.252981220657277
39 0.5344843749999999 0.2528051643192488 0.022031250000000058 0.057441314553990624
40 0.1234296875 0.3272769953051643 0.038609375 0.12187793427230048
45 0.3991796875 0.29051643192488263 0.065546875 0.05370892018779344
45 0.3530859375 0.31758215962441316 0.031234375000000036 0.04126760563380277
53 0.7833203124999999 0.8703990610328638 0.08148437499999994 0.04305164319248822
53 0.8681328125000001 0.862394366197183 0.08873437499999992 0.055070422535211216
53 0.8134531250000001 0.8097887323943662 0.07378125000000002 0.05431924882629102
53 0.8436484375 0.7863849765258215 0.08954687499999991 0.06384976525821595
53 0.700421875 0.831056338028169 0.0829375 0.061314553990610254
53 0.7931328125 0.8307863849765258 0.09860937499999989 0.060821596244131526
