2 0.6563749999999999 0.5799872448979593 0.06428124999999996 0.09875
5 0.18146093750000003 0.6055484693877551 0.324546875 0.4186989795918367
5 0.558125 0.5471811224489795 0.09221875000000002 0.1775255102040817
5 0.6224375 0.548954081632653 0.023656250000000045 0.04275510204081634
0 0.6181484375 0.740969387755102 0.11217187500000003 0.31545918367346926
0 0.8615 0.75 0.07312499999999988 0.35362244897959183
0 0.9232109375 0.7393622448979591 0.07882812500000003 0.3054081632653062
0 0.9834140625 0.7267474489795919 0.03317187500000007 0.252372448979592
0 0.025437500000000002 0.7225892857142857 0.050875000000000004 0.24844387755102038
25 0.6413593750000001 0.744515306122449 0.09765625 0.05535714285714288
9 0.276515625 0.33894132653061226 0.013562500000000033 0.0557908163265306
9 0.6960546875 0.3592984693877551 0.030765624999999908 0.04966836734693875
2 0.753015625 0.6247066326530613 0.13115625000000009 0.195280612244898
6 0.42475 0.5499107142857143 0.110375 0.20293367346938768
2 0.665140625 0.5494770408163265 0.03828124999999993 0.020841836734693864
2 0.6919765625000001 0.5608163265306123 0.02410937499999999 0.043724489795918364
2 0.904296875 0.6207908163265307 0.14140624999999996 0.16775510204081634
2 0.8396406249999999 0.6247066326530613 0.03153125000000001 0.15084183673469387
