39 0.8101999999999999 0.6776876876876877 0.026799999999999935 0.09099099099099095
57 0.53008 0.6548498498498498 0.93984 0.5827927927927928
56 0.96916 0.332957957957958 0.06167999999999996 0.13648648648648654
56 0.87197 0.35776276276276275 0.11626000000000003 0.11420420420420424
56 0.78803 0.3450450450450451 0.04605999999999988 0.08150150150150154
0 0.34491000000000005 0.5080480480480479 0.2071 0.9619819819819818
0 0.57995 0.6015315315315315 0.30082 0.7774774774774775
0 0.77974 0.5005555555555555 0.12572000000000005 0.21348348348348356
65 0.26213 0.4286636636636637 0.053499999999999964 0.03168168168168167
65 0.48408000000000007 0.6242492492492493 0.09220000000000006 0.0671771771771772
41 0.8710800000000001 0.711111111111111 0.03420000000000001 0.0646246246246246
41 0.84061 0.7402552552552553 0.04493999999999998 0.06045045045045039
41 0.75044 0.6825675675675676 0.04023999999999994 0.0671771771771772
56 0.07458 0.7057357357357358 0.14916 0.5494894894894895
60 0.96095 0.36867867867867865 0.07489999999999997 0.058258258258258255
73 0.74742 0.9419519519519519 0.07031999999999994 0.049909909909909955
