59 0.5419369369369369 0.78525 0.9161261261261261 0.35766
59 0.4251351351351351 0.40562 0.2631831831831832 0.15956000000000004
63 0.8631081081081082 0.51336 0.13288288288288286 0.09151999999999993
56 0.5642942942942943 0.48111000000000004 0.10516516516516528 0.13362000000000007
56 0.7716966966966967 0.6059 0.1695795795795797 0.15100000000000002
73 0.8033483483483483 0.38003000000000003 0.07582582582582587 0.01761999999999997
73 0.8059159159159159 0.39076999999999995 0.09015015015015004 0.020899999999999974
73 0.7945345345345346 0.41041999999999995 0.06438438438438432 0.02627999999999997
73 0.8062762762762762 0.39733999999999997 0.09669669669669667 0.025880000000000014
73 0.8010510510510511 0.40697 0.05405405405405406 0.018939999999999957
