2 0.4571328125 0.7160655737704917 0.11367187499999998 0.14519906323185017
2 0.5512890625 0.67384074941452 0.066546875 0.08135831381733027
2 0.45596875000000003 0.6205152224824355 0.04093749999999996 0.04543325526932074
2 0.40938281249999997 0.8992388758782202 0.23917187499999998 0.2015222482435598
2 0.6747343750000001 0.893056206088993 0.28331249999999997 0.213887587822014
2 0.5201484375000001 0.829847775175644 0.134046875 0.13604215456674473
5 0.28711718750000004 0.6376463700234192 0.154421875 0.36629976580796264
0 0.956546875 0.7494262295081968 0.02878124999999998 0.11777517564402817
0 0.8790859375 0.6922248243559719 0.015234375000000022 0.05494145199063227
0 0.804921875 0.6775644028103044 0.017312500000000064 0.05845433255269317
0 0.1024609375 0.6980679156908665 0.033078124999999986 0.12133489461358316
2 0.512671875 0.6166861826697891 0.016593749999999963 0.037494145199063245
5 0.6465000000000001 0.6110889929742389 0.20534375000000005 0.1605386416861826
5 0.43559375 0.57211943793911 0.09950000000000003 0.09065573770491797
0 0.8501406249999999 0.6815339578454331 0.01778124999999997 0.06386416861826694
0 0.4116171875 0.6338992974238875 0.005671874999999993 0.012997658079625274
0 0.8595390624999999 0.6897892271662764 0.009953125000000007 0.049133489461358315
2 0.407828125 0.6395316159250586 0.021156250000000043 0.043887587822014074
2 0.7915625 0.6411943793911007 0.04212500000000008 0.03320843091334891
0 0.13114843750000002 0.6880210772833723 0.02935937500000002 0.13501170960187348
0 0.39409375 0.6262880562060889 0.016625 0.030281030444964885
9 0.483328125 0.5763934426229508 0.01171875 0.037564402810304376
9 0.3740234375 0.5644379391100702 0.008234375000000016 0.01332552693208422
0 0.82621875 0.6774004683840749 0.018718750000000006 0.06084309133489463
0 0.873734375 0.7015339578454332 0.02865625000000005 0.06021077283372367
0 0.8386640625000001 0.6692622950819672 0.0133906250000001 0.04259953161592511
