45 0.3429 0.5709466666666667 0.5371600000000001 0.4729866666666667
45 0.77953 0.7362 0.4409400000000001 0.5264266666666666
45 0.72643 0.24253333333333332 0.54714 0.33808000000000005
49 0.45265 0.4176533333333333 0.21706000000000003 0.27999999999999997
49 0.28852999999999995 0.5011866666666667 0.17822 0.18823999999999996
49 0.11972 0.3568 0.23944 0.30986666666666673
49 0.93938 0.8087333333333333 0.12124000000000001 0.3489333333333333
49 0.5084299999999999 0.26781333333333335 0.14298 0.1942933333333334
49 0.79029 0.5764666666666667 0.4194199999999999 0.8047199999999999
49 0.33758 0.24890666666666666 0.21332000000000004 0.28703999999999996
49 0.53005 0.10561333333333332 0.12978 0.14381333333333332
