67 0.5566718749999999 0.5038020833333334 0.033499999999999974 0.018979166666666658
1 0.40671875 0.6520937499999999 0.34315625000000005 0.20006249999999992
1 0.7168125000000001 0.5046458333333333 0.15649999999999997 0.12558333333333338
1 0.6082265625000001 0.5070729166666667 0.07079687499999998 0.09797916666666656
0 0.88909375 0.44211458333333337 0.04953125000000014 0.2116041666666667
0 0.6633359375000001 0.45637500000000003 0.059046875000000054 0.1852083333333333
0 0.72734375 0.4624166666666667 0.05975000000000008 0.1932500000000001
0 0.6941171875000001 0.4472291666666666 0.035453124999999974 0.14779166666666665
0 0.5191015625 0.6456875 0.18539062499999992 0.7078749999999998
24 0.714515625 0.42029166666666673 0.04743750000000002 0.071625
1 0.6105 0.4970416666666666 0.06846874999999997 0.10212499999999997
