29 0.6838359375 0.44596874999999997 0.048765625000000035 0.02952083333333333
0 0.316140625 0.3358541666666667 0.060406249999999995 0.1338333333333333
0 0.3396328125 0.47370833333333334 0.100015625 0.26916666666666667
0 0.53653125 0.36685416666666665 0.03640624999999997 0.132
0 0.5795078124999999 0.33959375 0.015859374999999898 0.06585416666666671
0 0.2501875 0.3741354166666666 0.05837500000000004 0.17181249999999998
0 0.0529296875 0.3523333333333334 0.015796874999999995 0.04883333333333334
0 0.79696875 0.33215624999999993 0.013062499999999977 0.0219375
0 0.3666796875 0.4749479166666667 0.06001562499999996 0.13552083333333337
0 0.415015625 0.36726041666666664 0.04171874999999997 0.11027083333333337
0 0.125328125 0.34615625000000005 0.015375000000000014 0.043104166666666666
0 0.16239062499999998 0.34572916666666664 0.017531249999999998 0.044041666666666646
0 0.1892109375 0.34305208333333337 0.008453124999999978 0.031062499999999993
0 0.682046875 0.3271145833333333 0.01028125000000002 0.034062499999999996
0 0.5703125 0.33958333333333335 0.7375 0.07083333333333336
