43 0.9440703125 0.1675618811881188 0.1118593750000001 0.10457920792079205
49 0.345328125 0.24784653465346532 0.38765625000000004 0.4258910891089109
51 0.7546015625 0.4914851485148515 0.2799218749999999 0.1684158415841584
51 0.7216640625 0.3563490099009901 0.252328125 0.08769801980198022
51 0.705515625 0.12823019801980198 0.31784375 0.09646039603960395
51 0.7092343750000001 0.1874628712871287 0.28071875 0.09725247524752473
51 0.698828125 0.28587871287128713 0.28368749999999987 0.09175742574257428
51 0.6801484375 0.3934653465346535 0.26673437499999997 0.11970297029702964
51 0.7255703125 0.5576485148514851 0.15001562499999999 0.1552970297029702
50 0.23909375 0.5961138613861386 0.05709374999999997 0.31133663366336645
47 0.846265625 0.7420544554455446 0.15915625 0.27361386138613863
47 0.6329687500000001 0.7385767326732673 0.15037500000000004 0.33245049504950486
47 0.48946875 0.46915841584158413 0.14006249999999998 0.2277722772277228
47 0.5074531250000001 0.722079207920792 0.12953125 0.23896039603960406
47 0.4931328125000001 0.3167079207920792 0.1632343750000001 0.16881188118811885
47 0.5827578124999999 0.53125 0.146296875 0.2525990099009901
47 0.4274375 0.5080445544554455 0.11306250000000001 0.17752475247524746
47 0.6851640625 0.6645915841584158 0.16442187500000005 0.2604702970297029
71 0.5319453125 0.0415470297029703 0.599421875 0.0830940594059406
