27 0.6136796875 0.39125820568927794 0.018421875000000032 0.09695842450765862
27 0.495625 0.320109409190372 0.019062499999999927 0.07343544857768053
27 0.20985156249999998 0.31719912472647704 0.01704687499999999 0.08905908096280085
43 0.5118437499999999 0.6692778993435449 0.039624999999999966 0.020000000000000018
55 0.45652343749999996 0.806750547045952 0.499046875 0.36404814004376373
0 0.4616640625 0.40178336980306345 0.14376562500000006 0.5436105032822757
4 0.15146875 0.16954048140043762 0.2998125 0.15943107221006564
27 0.0295234375 0.24841356673960613 0.019734375 0.0409846827133479
0 0.359828125 0.35159737417943104 0.06234375000000003 0.2781181619256018
0 0.6714453125000001 0.49099562363238514 0.23320312499999996 0.6779212253829323
0 0.7397343749999999 0.5078665207877461 0.4878125 0.8044857768052515
0 0.3144218750000001 0.37920131291028447 0.08962500000000001 0.43087527352297594
0 0.212046875 0.37185995623632384 0.10496875 0.3547045951859957
0 0.1271484375 0.3451203501094092 0.06457812499999999 0.26455142231947487
0 0.89990625 0.26770240700218817 0.05009375000000005 0.06463894967177242
0 0.9878828125 0.4439606126914661 0.02423437500000003 0.21487964989059083
0 0.9383671874999999 0.3460393873085339 0.10248437500000007 0.277636761487965
17 0.911546875 0.14148796498905908 0.054312499999999986 0.06827133479212254
0 0.08004687499999999 0.3189606126914661 0.05487499999999999 0.24142231947483592
27 0.33183593750000007 0.2525492341356674 0.015359375000000008 0.0315317286652079
27 0.9593515625 0.32722100656455144 0.009734374999999962 0.05553610503282275
0 0.0340234375 0.3096498905908096 0.065359375 0.2839387308533917
0 0.5554375 0.32945295404814007 0.12187499999999996 0.5838074398249454
27 0.08374999999999999 0.25056892778993434 0.015031249999999996 0.025032822757111578
27 0.131859375 0.26315098468271336 0.005468750000000022 0.012866520787746138
0 0.49921875 0.36214442013129106 0.9984375 0.312910284463895
