1 0.8937578125 0.4338588235294118 0.140671875 0.30428235294117656
2 0.1585078125 0.45485882352941176 0.316921875 0.42999999999999994
2 0.6047968749999999 0.38136470588235294 0.2099375 0.2128941176470588
3 0.4596171875 0.5471882352941176 0.581984375 0.8337176470588235
3 0.9545546875 0.3620470588235294 0.09089062499999989 0.056141176470588305
1 0.9367656249999999 0.38635294117647057 0.12646875000000013 0.22400000000000003
1 0.6745078124999999 0.4611176470588235 0.100421875 0.16162352941176472
1 0.818046875 0.46938823529411766 0.23671874999999987 0.38207058823529416
1 0.04980468750000001 0.6475764705882352 0.096578125 0.26936470588235284
2 0.42971875 0.31438823529411764 0.10209374999999998 0.043223529411764716
2 0.0585546875 0.3065882352941176 0.117109375 0.07087058823529407
2 0.94675 0.3251647058823529 0.052749999999999964 0.02675294117647059
