72 0.772078125 0.51446875 0.2181875000000001 0.6479791666666667
56 0.768828125 0.8461875 0.14996874999999998 0.25745833333333334
56 0.5032265625000001 0.6768333333333334 0.194359375 0.11887500000000006
60 0.487078125 0.84509375 0.6471874999999999 0.27864583333333326
43 0.56065625 0.3990520833333333 0.005906250000000002 0.0301041666666666
63 0.2809921875 0.9073541666666667 0.13476562499999997 0.18529166666666663
68 0.24475 0.3131875 0.10921874999999998 0.08912500000000001
69 0.647421875 0.40717708333333336 0.05718749999999995 0.29372916666666665
71 0.1999296875 0.5012291666666666 0.13554687499999998 0.035374999999999934
43 0.572015625 0.39590625 0.008656250000000032 0.0239375
43 0.5743984375 0.40718750000000004 0.0045781250000000995 0.015541666666666731
43 0.565 0.39925 0.00550000000000006 0.026291666666666658
43 0.5692578125000001 0.4266041666666667 0.007265624999999942 0.010291666666666643
45 0.0765234375 0.54403125 0.067359375 0.047229166666666766
56 0.9196875 0.9251666666666667 0.1606249999999999 0.11916666666666664
