62 0.148890625 0.31043529411764703 0.23524999999999996 0.26232941176470587
1 0.7623906250000001 0.29721176470588234 0.11115624999999996 0.10515294117647056
0 0.8491015625 0.4854 0.274578125 0.9213411764705882
0 0.76140625 0.17556470588235293 0.025343749999999998 0.11639999999999999
0 0.46752343749999997 0.5663647058823529 0.16676562499999992 0.8385647058823529
0 0.9835 0.36291764705882357 0.03300000000000003 0.4157176470588235
36 0.8335312500000001 0.8477411764705882 0.2458125 0.1742117647058824
36 0.5765703125000001 0.5970705882352941 0.06201562500000002 0.2713176470588235
0 0.603015625 0.22583529411764705 0.028718750000000015 0.14842352941176468
56 0.35445312500000004 0.5883058823529412 0.08106249999999998 0.277929411764706
56 0.29421875000000003 0.5792588235294118 0.12946875000000002 0.2631764705882354
56 0.6958359375000001 0.528435294117647 0.13920312499999998 0.2832235294117646
62 0.53803125 0.3103529411764706 0.04631249999999998 0.10767058823529413
