57 0.30727 0.7516129032258064 0.4033399999999999 0.3333137829912023
0 0.5006900000000001 0.638049853372434 0.17502000000000006 0.5674193548387096
0 0.90733 0.7652199413489735 0.15410000000000001 0.2836950146627567
0 0.93804 0.6584017595307917 0.08504 0.16624633431085045
65 0.47215000000000007 0.4617155425219942 0.024980000000000058 0.09158357771261
65 0.50141 0.5416568914956011 0.02410000000000001 0.028123167155425177
65 0.44691 0.5786803519061584 0.046660000000000035 0.016129032258064502
26 0.09709999999999999 0.9024046920821114 0.09807999999999999 0.19519061583577713
0 0.72309 0.6919208211143695 0.08886000000000005 0.1528739002932551
65 0.3217 0.8839442815249267 0.027120000000000033 0.06624633431085036
65 0.30013 0.8832844574780059 0.01713999999999999 0.06639296187683275
65 0.29072999999999993 0.8677859237536657 0.020899999999999974 0.05879765395894432
73 0.73968 0.7915835777126101 0.060679999999999845 0.03237536656891493
41 0.26837 0.9574780058651027 0.03749999999999998 0.047741935483870956
57 0.75163 0.813782991202346 0.13901999999999992 0.2451612903225805
73 0.18936 0.9409970674486803 0.10276000000000002 0.08803519061583576
0 0.60072 0.6943108504398827 0.21556000000000003 0.5751319648093841
