60 0.5308350730688935 0.7128996865203762 0.6346137787056367 0.5515673981191223
0 0.08399791231732776 0.6508934169278997 0.15897703549060543 0.6689341692789968
0 0.6637265135699373 0.3400940438871473 0.20549060542797493 0.4166771159874608
40 0.6372651356993737 0.7610501567398119 0.07503131524008355 0.2543887147335424
40 0.5206367432150313 0.8277115987460815 0.06549060542797491 0.22570532915360497
40 0.3444363256784969 0.7218495297805643 0.05271398747390399 0.1827586206896552
40 0.36839248434238 0.6976489028213166 0.045553235908141976 0.18620689655172418
40 0.5419519832985387 0.5846865203761755 0.04077244258872659 0.1446708463949844
40 0.633768267223382 0.5177899686520375 0.034676409185803725 0.12247648902821318
0 0.2978183716075157 0.2876332288401254 0.07484342379958253 0.2516927899686521
0 0.4226513569937369 0.39493730407523514 0.21665970772442583 0.5939498432601881
0 0.49530271398747383 0.4157366771159875 0.10764091858037567 0.44495297805642636
0 0.49786012526096035 0.2728213166144201 0.09563674321503135 0.3539184952978057
0 0.791294363256785 0.3303448275862069 0.13645093945720255 0.31059561128526647
0 0.8099686847599165 0.6098746081504702 0.3800626304801671 0.7802507836990595
0 0.20277661795407095 0.5818338557993731 0.2640083507306889 0.836332288401254
0 0.8077453027139874 0.28341692789968653 0.07582463465553235 0.2673354231974922
0 0.9026304801670146 0.21352664576802508 0.055532359081419624 0.05746081504702194
39 0.6754279749478079 0.5905015673981191 0.07549060542797492 0.07623824451410655
40 0.3226304801670146 0.8360815047021943 0.05995824634655533 0.22614420062695928
40 0.5429436325678498 0.7812852664576801 0.05382045929018797 0.2196238244514107
40 0.624258872651357 0.4930407523510972 0.03114822546972862 0.1189341692789968
40 0.7341440501043841 0.48863636363636365 0.03584551148225479 0.13420062695924773
40 0.8188726513569937 0.49452978056426333 0.026012526096033328 0.05721003134796243
40 0.7803027139874739 0.6271316614420064 0.05797494780793322 0.14699059561128525
26 0.5192066805845511 0.5135579937304076 0.0720668058455114 0.15714733542319748
40 0.7889874739039666 0.5222727272727273 0.044237995824634724 0.07401253918495304
