45 0.15878125000000004 0.5258958333333332 0.08784375000000003 0.08558333333333329
47 0.16490625 0.51628125 0.060624999999999984 0.08427083333333335
49 0.1483984375 0.5324791666666666 0.026359375000000018 0.029791666666666772
68 0.21874218750000002 0.30203125 0.19092187500000002 0.09993750000000001
69 0.21404687499999997 0.48763541666666665 0.21571874999999996 0.2516875
71 0.6908515625 0.516875 0.19929687499999993 0.04783333333333334
49 0.16003125 0.5021458333333333 0.017062500000000008 0.017833333333333312
72 0.0160625 0.38286458333333334 0.032125 0.4123958333333334
39 0.560890625 0.42334375 0.033343750000000005 0.02785416666666668
39 0.5839687499999999 0.39440625000000007 0.03281250000000002 0.02610416666666665
