12 0.9575859375 0.7382083333333334 0.08482812499999992 0.501125
12 0.8130546875 0.7207395833333333 0.156390625 0.46860416666666665
12 0.6516249999999999 0.6781354166666667 0.12612499999999993 0.4103125
12 0.41966406250000005 0.6041145833333333 0.11798437500000003 0.3910208333333334
12 0.0483046875 0.5313333333333333 0.06948437499999999 0.21737500000000004
12 0.5323828125000001 0.6288437499999999 0.12051562500000002 0.41747916666666657
12 0.10846875 0.5357291666666667 0.06768750000000001 0.2525416666666667
12 0.2704140625 0.48739583333333325 0.070765625 0.1580833333333333
12 0.2094140625 0.5857187500000001 0.099359375 0.25193750000000004
12 0.1455078125 0.5676354166666666 0.058734375000000005 0.22989583333333335
12 0.33995312499999997 0.4403958333333333 0.06818750000000001 0.05829166666666663
12 0.0263984375 0.4850833333333333 0.051609375000000006 0.13195833333333334
12 0.3043984375 0.6028333333333333 0.13135937499999997 0.2884583333333334
