39 0.6420416666666666 0.132515625 0.1855833333333332 0.26503125
48 0.47683333333333333 0.50784375 0.750375 0.57175
60 0.5022395833333334 0.5033046875 0.9925208333333334 0.993390625
0 0.22022916666666664 0.62696875 0.4404583333333333 0.6966249999999998
41 0.4468541666666667 0.10616406249999999 0.2436250000000001 0.21232812499999998
44 0.38202083333333337 0.24687499999999998 0.08883333333333326 0.09478124999999998
45 0.5859479166666667 0.7869921874999999 0.8251041666666667 0.399109375
45 0.8692083333333334 0.523765625 0.2615833333333334 0.33856250000000004
45 0.8793958333333334 0.2 0.2367083333333333 0.22471875
45 0.07643749999999999 0.20488281249999998 0.15275 0.239640625
49 0.9145000000000001 0.1845234375 0.17099999999999993 0.075921875
44 0.14726041666666667 0.25740625 0.14797916666666666 0.1171875
