14 0.5760078125 0.49052816901408447 0.10882812500000005 0.24598591549295773
14 0.2011640625 0.4907863849765258 0.103828125 0.14382629107981226
14 0.8025859375 0.5736384976525821 0.07754687500000002 0.179906103286385
14 0.961046875 0.612605633802817 0.07790625000000007 0.17239436619718307
14 0.81184375 0.8519483568075117 0.14021874999999995 0.18840375586854463
14 0.9283046875000001 0.8678051643192488 0.143390625 0.2643896713615024
14 0.7507421875 0.8998122065727701 0.21735937500000002 0.19530516431924883
14 0.4855546875 0.9511971830985917 0.07745312500000001 0.09647887323943671
14 0.681078125 0.933169014084507 0.19290624999999995 0.13366197183098594
14 0.83309375 0.7124413145539905 0.13540624999999995 0.09849765258215959
19 0.7264609375000001 0.2742018779342723 0.545390625 0.46666666666666673
14 0.24228125000000003 0.9820892018779342 0.044562500000000005 0.029953051643192508
14 0.5469296875 0.9505633802816902 0.098703125 0.09887323943661974
14 0.9336328125000001 0.7756807511737089 0.051671875000000034 0.20225352112676043
