39 0.8346171875 0.47711458333333334 0.10379687500000001 0.3381458333333333
39 0.81803125 0.26617708333333334 0.054749999999999965 0.19564583333333332
0 0.382296875 0.6007916666666666 0.57878125 0.7984166666666667
0 0.440734375 0.49887499999999996 0.47359375000000004 0.99325
55 0.6716484375 0.6382187500000001 0.20348437499999994 0.12306249999999996
39 0.1805859375 0.16894791666666664 0.026390625 0.06202083333333333
43 0.6214921875 0.6975520833333333 0.05276562499999993 0.10518749999999999
39 0.8630390625 0.26458333333333334 0.06489062499999998 0.17862500000000003
39 0.9194843750000001 0.21817708333333333 0.03506250000000011 0.07272916666666668
45 0.6988984375 0.40307291666666667 0.19576562500000005 0.2573541666666667
