1 0.517171875 0.6188344988344988 0.3181874999999999 0.3453613053613053
2 0.20310156250000003 0.5376806526806527 0.40620312500000005 0.4154079254079253
2 0.7815937499999999 0.5492890442890443 0.22540624999999992 0.37755244755244755
0 0.5987265625 0.524941724941725 0.14782812499999998 0.43188811188811194
0 0.5338515625 0.49685314685314685 0.14395312500000002 0.4787412587412587
24 0.4534765625 0.5832051282051283 0.06814062500000001 0.20328671328671338
28 0.7523984374999999 0.6995454545454545 0.17935937499999988 0.22902097902097907
26 0.658234375 0.5611771561771561 0.06909374999999995 0.10449883449883457
58 0.678234375 0.3461888111888112 0.08359375000000002 0.08076923076923076
58 0.0905546875 0.22504662004662002 0.16092187499999996 0.19741258741258735
58 0.51075 0.2821445221445221 0.2776875 0.4534731934731935
58 0.8611875 0.19782051282051283 0.06740625 0.1471095571095571
