32 0.8224296875000001 0.3703286384976525 0.02698437499999995 0.029953051643192452
34 0.57340625 0.41010563380281684 0.13718750000000002 0.046830985915492895
0 0.601046875 0.4998826291079812 0.278875 0.5602816901408452
0 0.12892968750000003 0.632887323943662 0.24285937500000004 0.40314553990610325
0 0.3421640625 0.3935798122065728 0.08885937500000002 0.32805164319248825
0 0.956609375 0.35134976525821593 0.055625000000000036 0.1865492957746479
0 0.985265625 0.31890845070422535 0.029468750000000044 0.1613849765258216
0 0.18201562500000001 0.3863967136150235 0.03362499999999999 0.13044600938967138
0 0.1192578125 0.4179107981220657 0.05198437500000003 0.11164319248826293
0 0.016453125 0.5247183098591549 0.026937499999999996 0.10112676056338027
13 0.11532031249999998 0.4822769953051643 0.22839062499999999 0.17605633802816906
13 0.9317265625 0.37232394366197186 0.03867187500000002 0.08488262910798122
35 0.2255625 0.5628638497652583 0.05612499999999998 0.07732394366197182
0 0.4924921875 0.37693661971830983 0.09932812499999999 0.33781690140845066
