0 0.5424 0.5258433734939759 0.23127999999999999 0.683132530120482
0 0.19174000000000002 0.6033734939759037 0.19248 0.608975903614458
0 0.27993999999999997 0.4634789156626506 0.0902 0.1871987951807229
0 0.8501299999999999 0.3510240963855422 0.05614000000000008 0.13036144578313252
0 0.45014 0.3530572289156626 0.0408 0.09249999999999997
0 0.41447999999999996 0.38700301204819276 0.10559999999999997 0.15683734939759036
0 0.4345 0.3627409638554217 0.05207999999999996 0.09981927710843375
25 0.8990400000000001 0.18286144578313254 0.20016 0.14307228915662656
24 0.14747 0.5002409638554217 0.07981999999999999 0.23849397590361449
1 0.09089 0.5581626506024097 0.14654 0.4562048192771085
1 0.34417 0.5808433734939759 0.25425999999999993 0.35644578313253006
13 0.3744 0.41864457831325297 0.07404 0.09536144578313249
56 0.35513 0.42231927710843375 0.03598000000000001 0.08259036144578313
1 0.85851 0.5525602409638555 0.28278000000000003 0.4376506024096386
1 0.36884 0.5457831325301205 0.06679999999999997 0.07271084337349398
1 0.64135 0.6329367469879519 0.03593999999999986 0.19292168674698806
1 0.9081000000000001 0.6499397590361446 0.045560000000000156 0.13313253012048187
1 0.03585000000000001 0.6666114457831325 0.06890000000000002 0.17292168674698793
1 0.58626 0.6316867469879518 0.119 0.19367469879518073
1 0.0441 0.506762048192771 0.0872 0.09786144578313255
67 0.54939 0.28117469879518076 0.013379999999999947 0.015963855421686712
