0 0.7302968750000001 0.4640519187358917 0.14465625000000015 0.4561851015801355
43 0.9718203125 0.34341986455981943 0.024984374999999948 0.04440180586907455
44 0.8549843749999999 0.3864559819413093 0.03993749999999996 0.04609480812641087
44 0.9700546875 0.342765237020316 0.028328124999999926 0.04336343115124158
69 0.8886796875 0.6572234762979685 0.22264062500000004 0.1280361173814898
75 0.304875 0.6752708803611738 0.07156249999999997 0.19550790067720092
41 0.290453125 0.23112866817155758 0.02774999999999994 0.0723702031602709
41 0.210765625 0.22356659142212187 0.023375000000000007 0.06663656884875843
41 0.15453125 0.21926636568848756 0.026937499999999975 0.06404063205417607
41 0.24381250000000002 0.1473589164785553 0.024062500000000042 0.06144469525959369
41 0.300296875 0.15355530474040632 0.033875000000000044 0.0649435665914221
41 0.263515625 0.30793453724604963 0.019312499999999955 0.052212189616252846
41 0.23793750000000002 0.2280022573363431 0.021625000000000005 0.0594356659142212
41 0.21640625 0.14260722347629795 0.026874999999999982 0.05934537246049658
45 0.11745312499999999 0.5186907449209932 0.09737499999999999 0.06374717832957111
75 0.401890625 0.6888600451467269 0.06296875000000002 0.1848532731376975
41 0.06514062500000001 0.21808126410835216 0.03628125 0.055079006772009026
41 0.1508671875 0.1367042889390519 0.019609374999999984 0.06117381489841986
41 0.18372656250000002 0.22267494356659145 0.026546874999999998 0.06449209932279912
39 0.1258125 0.045282167042889385 0.034781250000000014 0.07598194130925506
39 0.17978125 0.05073363431151241 0.035562500000000025 0.07207674943566592
39 0.2187734375 0.055677200902934536 0.03804687499999998 0.07659142212189617
39 0.038015625 0.301117381489842 0.01784375 0.046388261851015855
41 0.3157265625 0.2364334085778781 0.022171875000000008 0.06067720090293452
44 0.9438437500000001 0.33135440180586906 0.021812500000000012 0.061444695259593674
69 0.07371093749999999 0.8 0.14742187499999998 0.3688487584650114
39 0.33785937499999996 0.06550790067720091 0.03246874999999999 0.07756207674943567
41 0.20685156249999997 0.30212189616252827 0.019203125000000015 0.05855530474040632
41 0.37109375 0.17381489841986456 0.7171875000000001 0.3476297968397291
