1 0.7161655773420479 0.43953125 0.02958605664488012 0.11206249999999995
1 0.9289651416122005 0.37706249999999997 0.01505446623093687 0.05003124999999997
67 0.3646078431372549 0.28826562499999997 0.025904139433551188 0.030843750000000003
0 0.38016339869281046 0.5856328125 0.31291938997821345 0.8275468750000001
0 0.7123638344226579 0.376265625 0.08899782135076262 0.21250000000000002
0 0.5868191721132898 0.3053203125 0.054161220043573044 0.08329687499999999
0 0.5166230936819172 0.29683593750000004 0.029803921568627434 0.04889062500000002
0 0.785958605664488 0.31439843749999996 0.048474945533769076 0.074578125
0 0.8915795206971677 0.3028359375 0.021372549019607945 0.033265624999999965
0 0.6338671023965141 0.345 0.06664488017429193 0.13996874999999998
0 0.9337908496732026 0.333578125 0.06169934640522867 0.11062499999999997
67 0.34599128540305013 0.243640625 0.009498910675381278 0.021375000000000005
0 0.8755555555555555 0.302921875 0.06344226579520695 0.08956249999999999
1 0.6301851851851852 0.38367968750000003 0.06311546840958604 0.06939062499999998
