39 0.684703125 0.8944062500000001 0.12671874999999988 0.21118749999999997
39 0.782296875 0.8085833333333332 0.07946874999999998 0.3340416666666667
39 0.653875 0.7639166666666666 0.07287499999999991 0.30379166666666657
56 0.4863046875 0.3668541666666667 0.08895312500000002 0.180375
56 0.120859375 0.73778125 0.07625000000000001 0.2488541666666666
56 0.043390625 0.7928333333333333 0.058249999999999996 0.2001666666666666
60 0.5 0.78265625 1.0 0.3536041666666666
0 0.29915625 0.44538541666666664 0.37921875 0.7797708333333333
0 0.660875 0.35111458333333334 0.39349999999999996 0.5874375000000001
41 0.8705859375 0.7516666666666667 0.08164062500000002 0.13416666666666655
42 0.4652109375 0.5904166666666666 0.04757812500000003 0.11879166666666663
42 0.1885703125 0.9569791666666666 0.16051562500000005 0.07850000000000001
42 0.936078125 0.6728958333333332 0.040750000000000064 0.07154166666666661
42 0.69559375 0.7468958333333333 0.02849999999999997 0.04466666666666674
43 0.9492343750000001 0.66975 0.04778125000000011 0.09883333333333333
55 0.5389296875 0.7220104166666667 0.2112656249999999 0.20939583333333323
39 0.84646875 0.25188541666666664 0.04762500000000003 0.10356249999999997
40 0.7911796874999999 0.7021875 0.08542187499999987 0.15375000000000005
41 0.788375 0.6920833333333334 0.08843750000000006 0.1685833333333333
44 0.7186484375 0.7228229166666666 0.07104687499999995 0.05818749999999995
