2 0.7903515624999999 0.92475 0.10998437499999991 0.07033333333333336
2 0.862140625 0.9293055555555556 0.032343750000000115 0.03155555555555556
0 0.3851953125 0.9143611111111112 0.019234375000000026 0.07227777777777777
0 0.25541406250000004 0.896611111111111 0.005796875000000035 0.028555555555555445
33 0.3333359375 0.523611111111111 0.17460937500000004 0.3391111111111111
33 0.21976562500000002 0.6164166666666666 0.03428125000000001 0.08705555555555555
33 0.66925 0.6692638888888889 0.6615 0.5794166666666667
2 0.9436484375 0.9292499999999999 0.05617187500000009 0.04483333333333328
0 0.2746953125 0.9026111111111113 0.003953125000000002 0.019611111111111135
0 0.901734375 0.9356666666666666 0.004937499999999928 0.02516666666666667
0 0.400046875 0.9241944444444443 0.013468749999999974 0.04105555555555551
0 0.9149062499999999 0.9308194444444445 0.007031250000000044 0.031194444444444525
0 0.264078125 0.9028333333333333 0.00462499999999999 0.01911111111111108
