13 0.8275234375 0.7614166666666666 0.3370781250000001 0.2606666666666667
26 0.0876015625 0.5387291666666667 0.035765624999999995 0.0512083333333333
7 0.624828125 0.4823020833333333 0.1504375 0.1641041666666666
7 0.7269531250000001 0.47333333333333333 0.05612500000000009 0.11595833333333327
0 0.337453125 0.5120312499999999 0.033125000000000016 0.12314583333333323
0 0.36439062499999997 0.5059895833333333 0.028968749999999988 0.10910416666666672
0 0.844375 0.5229895833333333 0.03640624999999997 0.06260416666666663
0 0.7572578125 0.475625 0.00989062499999993 0.040874999999999995
0 0.7726015625 0.47634375 0.008796874999999926 0.04422916666666665
0 0.9367812500000001 0.48293749999999996 0.011593749999999958 0.04383333333333328
0 0.766328125 0.4736666666666667 0.006968749999999968 0.034416666666666706
0 0.46775781250000004 0.49306250000000007 0.012515624999999975 0.06925000000000009
0 0.9263046875 0.47621875 0.011828125000000078 0.03660416666666666
0 0.9808828125000001 0.4900416666666667 0.021265625000000066 0.04691666666666672
0 0.38075 0.49064583333333334 0.020437499999999997 0.07833333333333331
0 0.08826562500000001 0.5622083333333334 0.046656249999999996 0.17108333333333337
0 0.17731249999999998 0.5222395833333333 0.027968750000000014 0.12131250000000005
13 0.9048671875000001 0.5446875 0.057578125000000036 0.0359166666666666
13 0.8962656249999998 0.5124895833333334 0.03931249999999997 0.020187499999999914
26 0.3813515625 0.5285520833333333 0.014359375000000008 0.02922916666666653
0 0.47890625 0.4989583333333334 0.15468750000000003 0.10625000000000001
