17 0.5336093749999999 0.5029508196721312 0.34612499999999996 0.42533957845433257
17 0.20159375000000002 0.5279508196721312 0.14778125 0.33332552693208434
0 0.5045078125 0.3595550351288056 0.10645312500000004 0.31911007025761123
0 0.757296875 0.5422833723653395 0.09440625000000002 0.3476580796252927
0 0.90684375 0.5201639344262295 0.10709374999999988 0.3337704918032787
0 0.6580859375 0.5388056206088992 0.053265625000000094 0.23007025761124122
0 0.832546875 0.5028103044496488 0.07524999999999993 0.30262295081967217
0 0.8200859375 0.4376463700234192 0.03814062499999993 0.16559718969555037
0 0.6019375 0.5357025761124121 0.0608749999999999 0.1975409836065573
26 0.77534375 0.5239695550351289 0.05425000000000002 0.05679156908665106
0 0.736671875 0.5395081967213115 0.05843749999999992 0.29391100702576106
0 0.6505390625 0.49234192037470725 0.027609375000000047 0.18749414519906327
0 0.7126171875 0.48023419203747075 0.04304687499999993 0.20341920374707262
0 0.63540625 0.509215456674473 0.026968749999999986 0.10283372365339577
26 0.6066093750000001 0.5155152224824355 0.0224375 0.040491803278688454
