0 0.5418750000000001 0.563711943793911 0.19556249999999997 0.6891569086651053
0 0.41153125 0.7257259953161592 0.12896875000000002 0.43121779859484777
0 0.3162890625 0.6404918032786886 0.10804687499999999 0.2849648711943795
0 0.148984375 0.6041217798594847 0.2975 0.791007025761124
0 0.8868203125 0.6460655737704919 0.22635937500000003 0.6853864168618268
0 0.7740703125 0.6215456674473068 0.06232812500000007 0.2981264637002342
0 0.2434296875 0.6560070257611241 0.10495312499999998 0.17430913348946142
0 0.264625 0.8921311475409837 0.271375 0.2157377049180328
0 0.7028046875 0.5347306791569088 0.061328124999999956 0.11180327868852463
27 0.5148828125 0.5370725995316159 0.066265625 0.29058548009367685
0 0.59021875 0.8858899297423888 0.420375 0.22822014051522244
0 0.4458984375 0.5231967213114754 0.03326562500000002 0.06915690866510543
0 0.6985390624999999 0.787271662763466 0.10501562499999995 0.18152224824355967
0 0.7709062499999999 0.5307611241217798 0.041718749999999916 0.12316159250585479
0 0.403125 0.5925058548009368 0.725 0.360655737704918
