74 0.4951752336448599 0.45394531250000003 0.07161214953271033 0.047546875000000044
0 0.3604789719626168 0.8558749999999999 0.07077102803738317 0.1332812499999999
0 0.3141822429906542 0.80678125 0.02130841121495325 0.030624999999999902
0 0.33123831775700935 0.8048906250000001 0.014065420560747666 0.03468750000000009
0 0.9027686915887851 0.8256953125 0.057126168224299056 0.024453124999999964
0 0.7364836448598131 0.8162890624999999 0.013855140186915915 0.018828124999999862
0 0.11241822429906542 0.7974140625000001 0.009929906542056083 0.019921874999999978
0 0.5928621495327103 0.8791015625 0.08058411214953276 0.05389062500000008
0 0.6968107476635514 0.8879921874999999 0.07792056074766363 0.13951562499999992
0 0.6141121495327102 0.805671875 0.01710280373831774 0.029562499999999936
0 0.6614018691588786 0.8790781249999999 0.04635514018691578 0.10568749999999993
0 0.9126869158878506 0.8228828125000001 0.024859813084112115 0.021421875000000035
0 0.8745443925233645 0.8071953125000001 0.013294392523364507 0.022859375000000126
0 0.386892523364486 0.8441953124999999 0.06728971962616825 0.147203125
0 0.5093457943925234 0.846875 0.9766355140186915 0.14374999999999993
