17 0.5844609375 0.5043036211699163 0.034984374999999956 0.03657381615598887
17 0.503125 0.5019637883008357 0.02096874999999998 0.028941504178272903
17 0.5211875 0.5074512534818941 0.01287499999999997 0.027715877437325898
17 0.4769140625 0.4984122562674095 0.021234374999999972 0.02818941504178274
0 0.5426796875 0.317033426183844 0.0047656249999999956 0.01194986072423404
0 0.5635390625000001 0.3217827298050139 0.003109375000000081 0.012367688022284107
0 0.225703125 0.2920055710306406 0.0047499999999999765 0.029693593314763234
0 0.105859375 0.251016713091922 0.0044062499999999866 0.019749303621169945
17 0.49346875 0.5094986072423398 0.012031249999999993 0.0240111420612813
0 0.6012890625 0.5026880222841226 0.006265625000000052 0.021643454038997256
0 0.5206328124999999 0.504192200557103 0.012546874999999957 0.01896935933147631
0 0.49332031249999997 0.504066852367688 0.011828125000000023 0.022729805013927518
