2 0.2004140625 0.42530444964871195 0.233359375 0.15454332552693212
2 0.38445312500000006 0.439367681498829 0.12106250000000002 0.08360655737704914
2 0.8765859375 0.5012177985948478 0.13554687500000007 0.08388758782201405
2 0.9693359375 0.5193208430913349 0.061328124999999956 0.07531615925058549
2 0.0439296875 0.4154918032786885 0.083546875 0.1633489461358314
6 0.504515625 0.5168501170960187 0.9310625000000001 0.7280796252927401
2 0.9759921874999999 0.6313466042154566 0.048015625000000006 0.07543325526932088
2 0.8123671875 0.4763700234192037 0.06860937499999997 0.07372365339578446
2 0.0361953125 0.6085011709601873 0.069234375 0.1533021077283373
7 0.0423203125 0.4087822014051522 0.084640625 0.17751756440281025
7 0.9681640625 0.5196487119437939 0.06367187500000004 0.08693208430913346
