36 0.5239929742388758 0.280421875 0.1968852459016392 0.10415624999999998
0 0.356135831381733 0.53715625 0.5975175644028103 0.5630625
0 0.4667798594847775 0.643171875 0.03201405152224818 0.06562499999999993
0 0.6515573770491803 0.6336953125 0.027142857142857024 0.05832812499999995
0 0.315 0.6486171875 0.049765807962529274 0.07792187500000003
0 0.2506440281030445 0.653234375 0.037494145199063245 0.07374999999999998
0 0.1453629976580796 0.65059375 0.04374707259953163 0.08687500000000004
0 0.0423536299765808 0.6489375000000001 0.03491803278688524 0.09090624999999997
0 0.8357494145199063 0.6148359375 0.04503512880562066 0.07157812500000005
0 0.4150234192037471 0.6451796875 0.05121779859484776 0.07198437499999999
0 0.2878688524590164 0.664203125 0.037751756440281004 0.05284375000000008
0 0.3764988290398127 0.6543359375 0.033278688524590205 0.05098437500000008
0 0.5638875878220141 0.6414375 0.03264637002341919 0.06218750000000006
0 0.10127634660421546 0.6502187500000001 0.06564402810304451 0.09399999999999997
0 0.734192037470726 0.625 0.1428571428571429 0.07187499999999991
