2 0.1700859375 0.562949790794979 0.216609375 0.15305439330543924
2 0.786546875 0.5011506276150628 0.09337499999999999 0.09573221757322187
2 0.6468203125 0.5008995815899582 0.08804687500000008 0.08979079497907949
2 0.30843750000000003 0.5396652719665271 0.23253125000000002 0.16560669456066934
9 0.530109375 0.1614121338912134 0.032031249999999956 0.07031380753138078
0 0.108390625 0.6848117154811716 0.21 0.6076987447698745
0 0.2834375 0.5878451882845188 0.08915625000000002 0.2117154811715481
0 0.44097656250000006 0.5726046025104602 0.09532812500000004 0.2559623430962343
0 0.5622109375 0.5103661087866109 0.031234375000000036 0.10985355648535566
0 0.5743046875 0.49634937238493726 0.02204687500000002 0.09554393305439329
0 0.6039765625 0.49521966527196654 0.023109374999999988 0.08633891213389122
0 0.6950078125000001 0.5030962343096235 0.028484375000000006 0.10104602510460248
36 0.29796875 0.6836506276150628 0.08303124999999995 0.042698744769874564
36 0.46371093750000003 0.6867573221757323 0.07101562499999997 0.04175732217573214
36 0.4955703125 0.6028451882845187 0.029828124999999983 0.022510460251046083
0 0.9525 0.6558786610878662 0.09499999999999997 0.6882426778242677
0 0.739109375 0.48064853556485354 0.02140624999999996 0.0698744769874477
7 0.5219296874999999 0.4826987447698745 0.10217187499999997 0.12841004184100419
9 0.7961874999999999 0.4273430962343096 0.007343749999999982 0.00983263598326356
9 0.9096015625 0.36635983263598326 0.026296874999999997 0.02866108786610877
9 0.8029921874999999 0.42390167364016734 0.007109374999999862 0.01131799163179914
24 0.49403125000000003 0.4796652719665272 0.02284375000000005 0.03426778242677819
36 0.639125 0.5818514644351465 0.024406249999999963 0.021778242677824244
36 0.5299609375000001 0.5822698744769874 0.019953124999999905 0.011778242677824347
36 0.6944609374999999 0.54673640167364 0.02770312500000005 0.009456066945606634
41 0.9015937500000001 0.6882322175732216 0.04312500000000008 0.08453974895397487
0 0.49041406249999997 0.522081589958159 0.044671874999999917 0.15286610878661094
0 0.52403125 0.5156066945606694 0.03125 0.13401673640167366
2 0.39834375 0.5237866108786611 0.08940624999999996 0.09820083682008368
2 0.71975 0.4847803347280335 0.03440624999999997 0.04332635983263594
24 0.485234375 0.5257845188284519 0.023343749999999996 0.06294979079497903
24 0.45218749999999996 0.5097384937238494 0.04459375000000004 0.0590167364016736
0 0.64153125 0.5188493723849372 0.03418750000000004 0.11958158995815904
9 0.5556875 0.15459205020920502 0.022312499999999957 0.06935146443514645
2 0.829375 0.48287656903765697 0.022656249999999933 0.05642259414225942
36 0.5784140625 0.5581380753138074 0.019296875000000102 0.0139330543933055
24 0.27489062500000006 0.5151987447698745 0.04793750000000002 0.05466527196652715
