27 0.1755390625 0.4332669789227166 0.09645312500000003 0.22522248243559712
27 0.506375 0.4907377049180328 0.04600000000000004 0.0715456674473069
27 0.6008828125000001 0.2827868852459016 0.021359374999999958 0.04281030444964873
27 0.6972343750000001 0.10367681498829039 0.01637500000000003 0.017423887587822012
0 0.7061640625000001 0.6449414519906322 0.494765625 0.6966276346604215
0 0.5472421875 0.6190983606557376 0.497765625 0.7393208430913348
0 0.4168046875 0.6071779859484777 0.5007656250000001 0.7528103044496487
0 0.377921875 0.43243559718969554 0.2569687500000001 0.44819672131147537
0 0.1769921875 0.3528103044496487 0.292359375 0.5033723653395784
0 0.806609375 0.634824355971897 0.3867812500000001 0.7033723653395785
0 0.6859296875 0.3078688524590164 0.16342187499999994 0.4314754098360656
0 0.21820312500000003 0.5670608899297424 0.43328125 0.8282201405152225
0 0.0604375 0.30529274004683843 0.11775000000000001 0.4588290398126464
0 0.6341953124999999 0.2223770491803279 0.09942187499999999 0.3534660421545668
0 0.8400390625 0.2154215456674473 0.13045312499999995 0.2317330210772834
0 0.9257734375 0.3569555035128805 0.14845312499999996 0.4300702576112412
0 0.0662421875 0.10587822014051523 0.124421875 0.2111007025761124
0 0.5 0.31733021077283374 0.996875 0.6346604215456675
