1 0.23955503512880563 0.537453125 0.060327868852459055 0.13778124999999997
3 0.36430913348946137 0.4923359375 0.06192037470725997 0.07195312499999995
0 0.7105854800936768 0.5382890625 0.232927400468384 0.367109375
0 0.11894613583138174 0.6870703125 0.22430913348946138 0.603171875
0 0.42929742388758785 0.47926562500000003 0.06604215456674473 0.13218749999999996
1 0.6096370023419203 0.67865625 0.3166042154566744 0.17528124999999994
0 0.29306791569086654 0.46904687500000003 0.07138173302107725 0.12637500000000002
0 0.8255269320843092 0.4581328125 0.07850117096018727 0.21792187499999993
0 0.4108782201405152 0.42789062499999997 0.0305152224824356 0.06209374999999995
0 0.03638173302107728 0.36433593749999993 0.07074941451990632 0.10542187499999994
0 0.9696955503512881 0.40253906250000004 0.06060889929742386 0.11926562499999999
0 0.36119437939110066 0.44199999999999995 0.07466042154566743 0.07696874999999997
0 0.2425175644028103 0.422796875 0.03889929742388756 0.05712499999999998
0 0.3574004683840749 0.4185390625 0.07690866510538646 0.03476562500000002
0 0.8367447306791569 0.7623359375000001 0.3265105386416862 0.475328125
0 0.0294847775175644 0.48453124999999997 0.0589695550351288 0.11818749999999995
