0 0.11508 0.53444 0.12701333333333334 0.27768
0 0.3244533333333333 0.43869 0.1224533333333333 0.10677999999999999
26 0.12213333333333334 0.47731 0.06778666666666666 0.05889999999999995
77 0.5633866666666667 0.6287400000000001 0.1514666666666667 0.13224000000000002
77 0.25838666666666665 0.78437 0.09165333333333331 0.06377999999999995
77 0.46870666666666666 0.92603 0.11127999999999993 0.13494000000000006
77 0.16496 0.9360999999999999 0.17637333333333335 0.11048000000000002
77 0.14638666666666666 0.89346 0.16264 0.09743999999999997
77 0.1690266666666667 0.7656000000000001 0.14690666666666669 0.12663999999999997
77 0.3064266666666666 0.8175300000000001 0.16368 0.10561999999999994
77 0.8339866666666667 0.63135 0.09341333333333324 0.07586000000000004
77 0.14076000000000002 0.86243 0.09608000000000001 0.07846000000000009
77 0.3368 0.69238 0.22085333333333326 0.14124000000000003
77 0.5226666666666666 0.782 0.288 0.264
