45 0.4920104166666667 0.35126562499999997 0.24810416666666674 0.10299999999999998
45 0.60684375 0.594453125 0.2426875 0.08446875000000009
70 0.3771041666666667 0.8079375 0.2878333333333334 0.22109374999999998
39 0.3450625 0.11837500000000001 0.07554166666666662 0.11156250000000001
39 0.2897395833333334 0.12178906249999999 0.052645833333333336 0.10642187499999999
39 0.7157708333333332 0.1291796875 0.06137499999999996 0.10857812499999998
39 0.18286458333333333 0.12782812500000001 0.03102083333333333 0.0935
39 0.6842395833333335 0.11486718750000001 0.0636041666666668 0.114484375
39 0.25609375 0.13760937499999998 0.0327291666666667 0.07221874999999998
39 0.7656770833333333 0.13847656249999998 0.05556250000000007 0.08829687499999998
45 0.5026979166666667 0.109390625 0.2690208333333334 0.1416875
45 0.38917708333333334 0.6049765625000001 0.0970625 0.09117187500000001
41 0.11046875 0.13774999999999998 0.12777083333333333 0.07393749999999998
