77 0.520921875 0.4418543046357616 0.21515625000000005 0.3238741721854304
77 0.42204687500000004 0.4555794701986755 0.20446875000000003 0.3156622516556291
77 0.6716718750000001 0.45264072847682113 0.24890625 0.3444205298013245
77 0.7888124999999999 0.7951241721854305 0.2626562499999999 0.35743377483443717
77 0.5996015625 0.7962086092715231 0.266921875 0.32413907284768206
77 0.42404687500000005 0.7815314569536425 0.24018750000000005 0.317566225165563
77 0.9438125 0.12652317880794703 0.11237499999999989 0.25304635761589406
77 0.354015625 0.46953642384105954 0.114375 0.29337748344370856
77 0.43221875 0.18395695364238412 0.1620625 0.26301324503311263
77 0.7878750000000001 0.13483443708609272 0.23965625000000002 0.26966887417218544
77 0.61415625 0.14452814569536424 0.25196874999999996 0.28905629139072847
77 0.8816015625 0.4461175496688742 0.23679687500000002 0.3440231788079471
77 0.51703125 0.13911423841059603 0.12953125 0.265546357615894
77 0.60625 0.6564569536423841 0.784375 0.6837748344370862
