0 0.44920312500000004 0.35895539906103285 0.28250000000000003 0.6276760563380283
0 0.9143359375 0.42697183098591546 0.17132812499999994 0.6651643192488262
0 0.5508359375 0.8341901408450705 0.08689062500000011 0.1746244131455399
0 0.5342890625 0.8993192488262911 0.10745312499999993 0.17488262910798125
0 0.3963046875 0.9093544600938968 0.11348437499999997 0.1812910798122066
0 0.28109375 0.8952699530516433 0.12143749999999998 0.2094600938967136
36 0.5244296875 0.6855164319248828 0.16017187500000002 0.2543192488262912
0 0.06425 0.8589201877934272 0.06443750000000001 0.11356807511737088
0 0.087890625 0.8438615023474179 0.03393750000000001 0.08645539906103272
0 0.2286875 0.8561737089201877 0.055281249999999976 0.13596244131455404
0 0.14846875 0.8885680751173709 0.14521875 0.2228638497652582
0 0.0415703125 0.910868544600939 0.082828125 0.1780751173708921
0 0.23779687499999996 0.7747769953051642 0.047625 0.08875586854460094
0 0.0164453125 0.8026056338028169 0.032890625 0.050422535211267605
