1 0.4911875 0.3328333333333333 0.02631249999999996 0.028500000000000025
1 0.9103359375000001 0.37080555555555555 0.039203125000000005 0.05277777777777781
1 0.365015625 0.34597222222222224 0.023968749999999983 0.05250000000000005
0 0.293203125 0.3249166666666667 0.03812500000000002 0.1556666666666667
0 0.10625781249999999 0.3280416666666667 0.04164062499999999 0.2420833333333334
0 0.41617187499999997 0.3002916666666667 0.025624999999999953 0.1184166666666667
0 0.4598671875 0.2945416666666667 0.01548437500000005 0.1065277777777778
36 0.6558593749999999 0.5812638888888889 0.04093749999999996 0.13458333333333328
36 0.1135234375 0.42056944444444444 0.048234375000000024 0.041805555555555596
36 0.2938984375 0.4055972222222223 0.02842187500000004 0.010027777777777802
1 0.5264140625 0.30365277777777777 0.01773437499999997 0.041638888888888836
13 0.1180859375 0.3564027777777778 0.12757812500000001 0.050416666666666665
13 0.2138515625 0.3242083333333333 0.06914062500000001 0.08430555555555558
0 0.630390625 0.2894583333333333 0.012218750000000056 0.03619444444444442
0 0.523859375 0.27197222222222217 0.012281250000000021 0.029500000000000026
0 0.49046093749999997 0.28775 0.015953124999999957 0.06405555555555553
0 0.23826562500000004 0.254125 0.02371875000000004 0.054083333333333344
0 0.9599453125 0.49077777777777776 0.08010937499999993 0.3663888888888889
36 0.928765625 0.6501388888888888 0.04025000000000001 0.06194444444444447
0 0.33580468750000003 0.3050277777777778 0.03073437499999998 0.08711111111111108
25 0.2463515625 0.19258333333333333 0.10157812500000005 0.03350000000000003
25 0.358890625 0.20602777777777775 0.08159375000000002 0.03105555555555553
0 0.66471875 0.4422638888888889 0.1507812500000001 0.29391666666666666
0 0.5897109375 0.2994444444444444 0.016796875000000044 0.0626666666666667
0 0.8997734374999999 0.3290138888888889 0.020265625000000065 0.0954166666666667
0 0.34218750000000003 0.2861111111111111 0.603125 0.17222222222222222
