57 0.0741953125 0.7129062500000001 0.145171875 0.32043750000000004
0 0.5191015625 0.6494374999999999 0.2393281249999999 0.6966249999999999
0 0.690171875 0.6788020833333334 0.22753124999999996 0.6157291666666667
0 0.3960703125 0.87528125 0.11798437500000003 0.2494375000000001
0 0.24248437500000003 0.5210104166666667 0.34187500000000004 0.9579791666666667
0 0.9061171875 0.6375208333333333 0.18676562499999994 0.7249583333333334
40 0.9113125 0.5105625 0.035499999999999976 0.08866666666666673
65 0.16665625 0.7278333333333333 0.028968749999999988 0.07833333333333337
65 0.50728125 0.5334375 0.03228125000000004 0.03054166666666669
0 0.08024218749999999 0.6768020833333335 0.10979687499999999 0.26127083333333345
39 0.9107890625000001 0.5083229166666667 0.04317187499999997 0.1557708333333333
65 0.7110468750000001 0.6859270833333333 0.054593749999999996 0.015937499999999938
73 0.46847656249999997 0.6000833333333333 0.01323437500000002 0.06087500000000001
73 0.4006640625 0.6037604166666667 0.009078124999999992 0.0593541666666666
73 0.43678125 0.5935833333333334 0.007031249999999989 0.07833333333333337
65 0.4659921875 0.5449062499999999 0.009296874999999982 0.014770833333333289
73 0.450640625 0.5994166666666666 0.025718749999999957 0.07033333333333336
73 0.45660156250000006 0.6027395833333333 0.010953124999999952 0.05106250000000001
73 0.43228125 0.7147395833333334 0.009124999999999939 0.031604166666666766
