56 0.88171 0.7677366863905325 0.2137 0.4387278106508876
0 0.5767199999999999 0.5235502958579882 0.49563999999999997 0.8766863905325444
62 0.13368 0.470103550295858 0.22788 0.8426923076923077
64 0.3473 0.5642159763313609 0.08748 0.07056213017751478
66 0.27071 0.7530029585798816 0.32666000000000006 0.3333431952662723
73 0.88794 0.4364201183431953 0.11916000000000004 0.08491124260355026
73 0.85612 0.37764792899408284 0.06236000000000008 0.05091715976331357
73 0.98195 0.40748520710059166 0.03610000000000002 0.08674556213017753
73 0.97577 0.6768343195266272 0.04846000000000006 0.0724852071005917
73 0.8173699999999999 0.4223816568047337 0.07262000000000002 0.0792011834319527
