1 0.5145546875 0.7768544600938967 0.06660937500000003 0.147887323943662
1 0.5590468749999999 0.8044718309859156 0.05268749999999989 0.09077464788732403
3 0.7786953125 0.8232159624413145 0.048328124999999944 0.12399061032863845
6 0.5272656250000001 0.5584272300469484 0.665625 0.31234741784037556
0 0.569296875 0.7472652582159625 0.043625000000000025 0.2061267605633803
0 0.51684375 0.7313732394366197 0.05068750000000005 0.18584507042253529
0 0.7634062500000001 0.7631338028169015 0.07221875 0.22542253521126765
9 0.8232499999999999 0.5769953051643193 0.030312499999999964 0.10187793427230052
9 0.21521093750000003 0.49657276995305166 0.029296875 0.037183098591549335
24 0.0251953125 0.8206924882629107 0.047453125000000006 0.0845774647887324
24 0.503359375 0.7370422535211267 0.035218749999999965 0.058075117370892104
24 0.048859375 0.816349765258216 0.03046874999999999 0.05298122065727706
9 0.213234375 0.5565962441314554 0.028031250000000008 0.04211267605633795
0 0.11528125 0.7775352112676057 0.08300000000000002 0.19478873239436623
0 0.0994140625 0.7935093896713615 0.119296875 0.21039906103286388
