0 0.5319375 0.5754599056603774 0.305875 0.8445990566037737
0 0.3208515625 0.5918160377358491 0.246578125 0.789245283018868
0 0.15815625 0.5806721698113206 0.25378124999999996 0.8295047169811319
0 0.790828125 0.5157665094339623 0.38496874999999997 0.9481839622641509
0 0.654234375 0.3464858490566038 0.04993749999999997 0.10518867924528308
0 0.0671484375 0.5360377358490566 0.134296875 0.8896226415094339
0 0.6282578125 0.43527122641509436 0.20248437500000005 0.5168632075471699
0 0.9820078125 0.3881839622641509 0.03598437499999996 0.25226415094339616
0 0.41853125 0.384127358490566 0.051843749999999966 0.15070754716981133
65 0.6467031249999999 0.6931603773584906 0.08065624999999998 0.052264150943396315
65 0.406015625 0.6964858490566039 0.09993750000000001 0.07764150943396231
24 0.182375 0.6101179245283018 0.16525 0.46966981132075464
25 0.3374453125 0.817747641509434 0.06592187499999996 0.3607311320754717
26 0.1849765625 0.48158018867924524 0.15104687500000002 0.20641509433962252
24 0.98346875 0.6398938679245283 0.033062499999999995 0.3610141509433963
65 0.23626562500000003 0.6404245283018868 0.034781250000000014 0.03731132075471688
65 0.10006249999999998 0.5943985849056603 0.07109374999999998 0.03389150943396224
