16 0.1795078125 0.4695520833333334 0.164515625 0.14697916666666672
18 0.6718046875 0.66453125 0.17251562499999995 0.3153958333333332
2 0.9332812500000001 0.40613541666666664 0.1334375 0.07735416666666667
2 0.592640625 0.39175 0.06762499999999994 0.07225000000000004
2 0.600734375 0.33184375 0.08228124999999997 0.045062500000000005
2 0.3392890625 0.34475 0.121046875 0.057708333333333306
0 0.5371406249999999 0.5581145833333333 0.26584375000000005 0.6203125
0 0.7331484374999999 0.4618020833333334 0.22920312499999984 0.8786458333333333
0 0.42669531250000003 0.34410416666666666 0.057953124999999994 0.17312499999999997
0 0.4306171875 0.59565625 0.567984375 0.43147916666666675
0 0.19206249999999997 0.29420833333333335 0.10540624999999995 0.20858333333333337
0 0.881890625 0.44542708333333336 0.03168749999999998 0.07306249999999997
26 0.24032031249999997 0.34646875 0.048203124999999986 0.09664583333333326
0 0.8450859375000002 0.44425 0.04114062500000004 0.07808333333333328
0 0.21709374999999997 0.2607291666666667 0.026250000000000023 0.06516666666666668
0 0.035953125 0.3361875 0.07190625 0.3635833333333333
0 0.637421875 0.37596874999999996 0.01128125000000002 0.05156250000000001
2 0.8892578124999999 0.3358020833333334 0.04501562499999989 0.04756250000000001
2 0.11839843750000001 0.3653645833333333 0.045328125 0.07397916666666665
