14 0.04715625 0.6674270833333333 0.054375 0.03052083333333333
14 0.14515625 0.67365625 0.1 0.0301041666666666
14 0.4636015625 0.7193125 0.09392187500000004 0.07125000000000004
14 0.45759374999999997 0.7178541666666667 0.028843749999999946 0.027541666666666687
14 0.4300859375 0.6369166666666667 0.04335937500000003 0.025708333333333222
14 0.7096171875 0.5779895833333333 0.033453125000000083 0.035354166666666575
14 0.6831406250000001 0.5969895833333334 0.028906250000000022 0.029979166666666557
14 0.6328046875 0.6773437500000001 0.023828124999999978 0.018312500000000065
14 0.795859375 0.5746770833333333 0.023062499999999986 0.02981250000000002
14 0.8632265625 0.5323333333333333 0.017671874999999893 0.027833333333333377
14 0.5596328125 0.69975 0.043109375000000005 0.03095833333333342
14 0.7483437499999999 0.5929270833333333 0.03959374999999998 0.046354166666666585
8 0.40112499999999995 0.44831249999999995 0.7044999999999999 0.19099999999999995
0 0.935359375 0.44576041666666666 0.010874999999999968 0.043562500000000004
14 0.28819531249999997 0.6349270833333334 0.035796875000000006 0.023854166666666732
8 0.8183984375 0.43436458333333333 0.03823437499999993 0.031145833333333317
8 0.7758125 0.426875 0.059406249999999994 0.023875000000000035
14 0.5359375 0.6177083333333333 0.8937499999999999 0.20208333333333328
