60 0.49776562500000004 0.7411943793911007 0.9925312500000002 0.49437939110070245
0 0.0743828125 0.4403161592505854 0.145765625 0.873887587822014
0 0.8085234374999999 0.4968032786885246 0.2916718749999999 0.6537002341920375
0 0.9213046874999999 0.5012646370023419 0.157390625 0.9887587822014051
0 0.6546328125 0.5050351288056206 0.14079687499999993 0.2814988290398126
0 0.4820546875 0.5029508196721311 0.131640625 0.16145199063231852
42 0.75096875 0.7768501170960188 0.15646875000000005 0.12878220140515229
42 0.5895781250000001 0.5631264637002342 0.029312499999999964 0.030281030444964885
43 0.7777109375 0.9035011709601874 0.057703124999999855 0.1612880562060891
0 0.2955546875 0.5273185011709602 0.12501562500000005 0.23032786885245904
39 0.4495703125 0.3873653395784543 0.012984374999999992 0.022271662763465983
39 0.4374609375 0.38875878220140514 0.012578124999999996 0.020234192037470677
39 0.424171875 0.3879508196721312 0.010625000000000051 0.01847775175644023
39 0.4125 0.3864168618266979 0.009562499999999974 0.01625292740046841
39 0.400578125 0.3864637002341921 0.011312500000000059 0.017142857142857126
39 0.38835156249999997 0.3871545667447307 0.007421875000000022 0.017868852459016427
39 0.6055078125 0.38829039812646365 0.00960937499999992 0.02402810304449643
39 0.5816484375000001 0.3878337236533958 0.00948437499999999 0.02081967213114755
41 0.53809375 0.8546604215456675 0.10162500000000008 0.2206088992974239
41 0.5825078125 0.7130679156908666 0.05926562499999999 0.06323185011709598
41 0.5260859375 0.6742740046838407 0.05779687499999997 0.15941451990632316
41 0.280703125 0.694824355971897 0.06884374999999998 0.0658548009367681
41 0.5658125 0.6540163934426231 0.01940625000000007 0.050468384074941475
45 0.567484375 0.7991334894613582 0.11940624999999994 0.12023419203747066
48 0.10487500000000001 0.912576112412178 0.18515625 0.1748477751756441
48 0.7129140625 0.8471896955503513 0.12445312500000005 0.17526932084309121
0 0.151109375 0.5132669789227167 0.2105 0.5271428571428571
41 0.42965625 0.8913466042154566 0.13853125 0.20887587822014053
55 0.47928125 0.6557142857142857 0.034156250000000055 0.08384074941451991
58 0.7404765625 0.26345433255269324 0.07876562500000006 0.11613583138173308
0 0.1967890625 0.30749414519906326 0.322796875 0.5228571428571429
39 0.381375 0.38633489461358317 0.007281249999999961 0.018852459016393486
39 0.3849296875 0.41482435597189693 0.014484374999999994 0.009227166276346621
39 0.56875 0.3900585480093677 0.010874999999999968 0.014496487119437906
39 0.4504296875 0.4143911007025761 0.011484375000000047 0.01491803278688525
39 0.4003671875 0.4139110070257611 0.012734374999999964 0.009086651053864137
0 0.353765625 0.43663934426229506 0.044718749999999974 0.07084309133489464
0 0.34013281250000005 0.4787236533957845 0.06292187500000002 0.09866510538641687
0 0.7648671874999999 0.49264637002341916 0.10107812500000002 0.3779391100702576
0 0.6000078124999999 0.5222014051522248 0.098609375 0.2025292740046839
41 0.5828437500000001 0.7972716627634662 0.08803125000000012 0.12011709601873533
39 0.4796875 0.45784543325526933 0.20937499999999998 0.11007025761124123
