56 0.12378125 0.40625 0.24431250000000002 0.31806249999999997
60 0.5 0.6055390625 1.0 0.38414062500000007
41 0.6232291666666666 0.45730468750000003 0.13183333333333325 0.1325781250000001
42 0.8173854166666666 0.8325078125 0.3652291666666667 0.0524531250000001
45 0.5129166666666667 0.4404765625 0.09737499999999999 0.06329687499999997
45 0.6998125 0.8380390625 0.600375 0.323921875
49 0.4084895833333333 0.63825 0.33160416666666664 0.1311875
51 0.46633333333333327 0.45234375 0.06741666666666662 0.032625000000000015
51 0.5191562500000001 0.470484375 0.04981250000000009 0.01778124999999997
51 0.4520208333333333 0.6886640625 0.13424999999999998 0.03448437500000001
51 0.5735520833333334 0.664140625 0.06927083333333328 0.032781249999999984
51 0.5368229166666667 0.6381953125 0.09502083333333339 0.03632812499999993
51 0.4657604166666667 0.631609375 0.07539583333333333 0.05934375000000003
58 0.8224166666666666 0.2925546875 0.35516666666666674 0.2718281250000001
0 0.36190625 0.33116406249999997 0.5991458333333333 0.392203125
51 0.45540624999999996 0.6625859375 0.07547916666666665 0.023046875000000022
