60 0.49959375 0.5733215962441315 0.9991875 0.8256572769953052
41 0.6871015625000001 0.26841549295774647 0.063640625 0.11100938967136151
42 0.6866015624999999 0.25193661971830983 0.0059531250000000036 0.06983568075117369
44 0.9253984375 0.37176056338028174 0.11020312499999996 0.03239436619718311
45 0.315265625 0.3773004694835681 0.14796875 0.10849765258215965
55 0.5500625 0.65481220657277 0.21934374999999995 0.2572300469483568
55 0.3013984375 0.5292136150234742 0.20492187500000003 0.23593896713615026
41 0.8281562499999999 0.07491784037558685 0.02662500000000001 0.03420187793427231
41 0.8311328124999999 0.05030516431924882 0.019109374999999984 0.029859154929577462
44 0.6692031249999999 0.4952816901408451 0.11362499999999998 0.03126760563380282
44 0.1735703125 0.32634976525821596 0.039171874999999995 0.08025821596244131
44 0.675234375 0.2638380281690141 0.04481250000000003 0.0883802816901409
44 0.677171875 0.22874413145539907 0.008718749999999997 0.031807511737089206
60 0.71284375 0.1497769953051643 0.5531874999999999 0.292793427230047
41 0.7053515625 0.02330985915492958 0.018984374999999942 0.04483568075117371
41 0.6895546875 0.02238262910798122 0.014140625000000018 0.04335680751173709
41 0.7987890625 0.07575117370892018 0.023140625000000026 0.042676056338028165
41 0.6456953125 0.014542253521126761 0.012484375000000103 0.029084507042253523
41 0.73553125 0.03187793427230047 0.01981250000000001 0.06375586854460094
41 0.672453125 0.021866197183098592 0.015249999999999986 0.04251173708920188
41 0.8528749999999999 0.0644718309859155 0.012250000000000094 0.026924882629107992
41 0.774546875 0.07273474178403755 0.02765625000000005 0.036361502347417834
43 0.19534374999999998 0.6156103286384976 0.03837499999999999 0.12887323943661966
44 0.6572734375 0.2145774647887324 0.011234374999999908 0.026103286384976526
44 0.6970937500000001 0.2460798122065728 0.01534374999999999 0.05239436619718313
44 0.7048203125000001 0.6616079812206572 0.090984375 0.09697183098591544
56 0.159921875 0.7753286384976527 0.31984375 0.42338028169014086
56 0.10615625000000001 0.7667136150234741 0.16828125 0.0931455399061033
41 0.789234375 0.033990610328638496 0.033625000000000016 0.04169014084507042
51 0.6236953125 0.40957746478873236 0.014609375000000036 0.02389671361502349
51 0.6030859375000001 0.4832159624413146 0.021828125000000087 0.025915492957746478
55 0.4160390625 0.15906103286384976 0.08373437500000003 0.05967136150234742
55 0.585234375 0.45076291079812203 0.20012500000000005 0.1633568075117371
55 0.38652343749999996 0.2264906103286385 0.106109375 0.08058685446009387
55 0.47234374999999995 0.20107981220657278 0.09406249999999994 0.16995305164319252
55 0.782046875 0.38071596244131456 0.18071875000000004 0.13575117370892026
41 0.6097890625 0.01449530516431925 0.011296874999999984 0.0289906103286385
41 0.7 0.3274647887323944 0.34062500000000007 0.6549295774647887
