72 0.6585546875 0.7149791666666666 0.682890625 0.5302083333333334
39 0.50846875 0.6551666666666667 0.07218749999999996 0.23795833333333338
39 0.8234296875 0.6904895833333333 0.04842187500000006 0.17997916666666658
39 0.8895468750000002 0.6376354166666667 0.04328125000000005 0.08510416666666676
0 0.1900234375 0.5271666666666666 0.373328125 0.9192916666666665
39 0.8792187499999999 0.7533749999999999 0.05600000000000005 0.1522916666666666
49 0.5053359374999999 0.9774687499999999 0.075265625 0.04156250000000006
45 0.6455390624999999 0.79271875 0.12654687499999995 0.12772916666666667
39 0.8544453125 0.7255416666666668 0.04954687499999999 0.14358333333333329
39 0.7106406249999999 0.6190833333333332 0.059406249999999994 0.09637499999999999
39 0.50953125 0.8549791666666666 0.042468750000000055 0.1020416666666667
39 0.8047421875 0.658625 0.056546874999999996 0.17479166666666668
