14 0.5716875 0.42795312499999993 0.856625 0.42149999999999993
3 0.43274999999999997 0.20194531249999997 0.12912499999999993 0.090953125
45 0.32582291666666663 0.7139609375 0.3213125 0.1689218750000001
0 0.47010416666666666 0.1537734375 0.03975000000000001 0.115140625
0 0.5905416666666667 0.1974375 0.05458333333333332 0.057749999999999996
0 0.057416666666666664 0.173015625 0.07820833333333334 0.19746875
56 0.040364583333333336 0.36303125 0.08072916666666667 0.350125
56 0.016749999999999998 0.18715625000000002 0.033499999999999995 0.04156250000000003
56 0.84809375 0.22867187499999997 0.12706250000000008 0.05212499999999998
56 0.42218750000000005 0.21690625000000002 0.0829166666666667 0.030531249999999982
56 0.54678125 0.21963281250000002 0.10127083333333325 0.03957812500000002
56 0.9014166666666668 0.46262500000000006 0.1971666666666666 0.1375
0 0.26959374999999997 0.19179687499999998 0.09547916666666664 0.21706249999999994
0 0.6827604166666668 0.1625390625 0.07656249999999998 0.09995312499999998
