17 0.1268046875 0.4956666666666667 0.046984374999999995 0.06638888888888889
18 0.1961484375 0.6043333333333334 0.052484375 0.06599999999999995
18 0.134875 0.59425 0.04456249999999999 0.058833333333333404
18 0.092140625 0.6111249999999999 0.05374999999999999 0.07008333333333328
18 0.542734375 0.5853472222222222 0.047531250000000025 0.08002777777777781
18 0.239453125 0.560875 0.016000000000000014 0.03397222222222229
18 0.69015625 0.5741666666666667 0.016031250000000052 0.041166666666666685
18 0.7220624999999999 0.547625 0.027843749999999945 0.03169444444444436
18 0.25221875 0.6172083333333334 0.03509375000000001 0.07741666666666669
0 0.77009375 0.5306944444444445 0.023375000000000035 0.09027777777777785
18 0.2802109375 0.6118611111111111 0.04826562499999998 0.07683333333333331
18 0.374453125 0.5878055555555556 0.03425 0.053888888888888875
18 0.5675546874999999 0.619875 0.05226562499999998 0.10130555555555554
18 0.392921875 0.5614166666666667 0.022875000000000034 0.036388888888888804
18 0.11859375 0.5589444444444445 0.014531249999999996 0.031166666666666676
18 0.10628125 0.5809166666666667 0.020593750000000008 0.04172222222222233
18 0.46015625 0.5902777777777777 0.9171874999999999 0.15833333333333333
