65 0.1815234375 0.41088541666666667 0.09654687499999998 0.1924791666666667
65 0.8256015625 0.5570520833333333 0.11085937499999998 0.11856250000000007
65 0.8909921875 0.43291666666666667 0.07579687499999999 0.1257083333333333
65 0.3706875 0.40230208333333334 0.1101875 0.09514583333333326
0 0.7456093749999999 0.5656979166666667 0.40574999999999994 0.8498958333333333
0 0.5587109375000001 0.34128125 0.114140625 0.2933125
0 0.238484375 0.6179791666666667 0.4095625 0.7370833333333334
0 0.9118984375 0.55878125 0.17620312500000002 0.6964375
0 0.5104609375 0.35330208333333335 0.13954687500000007 0.27093750000000005
0 0.390390625 0.33814583333333337 0.1712499999999999 0.286125
0 0.529765625 0.27065625 0.013031249999999939 0.03877083333333331
0 0.785015625 0.35659375000000004 0.12024999999999997 0.2852291666666667
0 0.31149218749999996 0.3600833333333333 0.16798437500000002 0.38420833333333326
26 0.059609375 0.8557604166666666 0.11921875 0.28847916666666673
27 0.3155703125 0.41454166666666664 0.051828125 0.1892083333333333
65 0.94578125 0.46159375 0.025218750000000068 0.05706249999999996
0 0.07010156249999999 0.3682395833333334 0.08951562499999999 0.2792708333333334
0 0.7395546875 0.29962500000000003 0.042921875 0.15200000000000002
65 0.9960390625 0.4329375 0.007921875000000078 0.017958333333333354
