17 0.47461718750000004 0.67115625 0.42764062500000005 0.41468750000000004
17 0.6177421875 0.6913958333333332 0.225796875 0.3118333333333333
0 0.4614218750000001 0.51946875 0.09537500000000004 0.3139791666666667
0 0.048773437499999996 0.7883333333333333 0.094171875 0.4035833333333333
0 0.548046875 0.46996875000000005 0.07937499999999997 0.14518750000000002
0 0.7409453125000001 0.6201458333333333 0.08557812499999995 0.23816666666666664
0 0.7746328124999999 0.6198020833333333 0.04432812499999994 0.22014583333333326
0 0.13120312499999998 0.6004270833333334 0.05437499999999999 0.18097916666666658
26 0.2720859375 0.6105104166666666 0.026421874999999984 0.05456249999999996
0 0.2231640625 0.62565625 0.039984375000000016 0.20618749999999997
0 0.188328125 0.5095520833333333 0.034843750000000034 0.06452083333333336
0 0.1417109375 0.5218333333333334 0.02951562499999999 0.0352083333333334
0 0.3109765625 0.6430416666666666 0.04126562499999997 0.1689166666666666
24 0.016609375000000003 0.792375 0.033218750000000005 0.16479166666666656
13 0.0412890625 0.5745729166666667 0.082578125 0.08168749999999991
13 0.18447656250000002 0.5804270833333334 0.054609375000000016 0.09747916666666667
26 0.1484375 0.6302083333333333 0.03921875 0.05745833333333328
58 0.2680703125 0.4187083333333333 0.11710937500000004 0.11654166666666665
0 0.253 0.62975 0.045312500000000006 0.21750000000000003
