72 0.9179921874999999 0.48115566037735846 0.1455781249999999 0.3991037735849056
60 0.6596796875 0.792865566037736 0.680640625 0.24889150943396232
0 0.1551796875 0.45969339622641514 0.04914062500000002 0.16811320754716985
11 0.017414062499999997 0.4781014150943396 0.032640625 0.047948113207547105
39 0.8854140625 0.3847523584905661 0.010734375000000074 0.04167452830188684
39 0.9464609375000002 0.43752358490566035 0.012609375000000145 0.04254716981132073
39 0.8892187500000001 0.4349764150943396 0.007062499999999972 0.04103773584905662
56 0.480328125 0.8527476415094339 0.26009375 0.26714622641509433
56 0.7038906250000001 0.8960966981132075 0.2146562500000001 0.20049528301886788
56 0.7377031249999999 0.7046580188679246 0.13828125000000002 0.11459905660377367
56 0.819765625 0.6037617924528301 0.09959375000000004 0.07110849056603774
56 0.953328125 0.6269575471698113 0.09334375000000006 0.08089622641509431
56 0.9306640625 0.7493985849056604 0.138671875 0.11606132075471687
56 0.565671875 0.5932075471698113 0.027874999999999983 0.0606603773584905
56 0.8061640625 0.7011202830188679 0.12654687499999984 0.139316037735849
56 0.6643203125 0.668007075471698 0.09826562500000002 0.12360849056603773
60 0.3037109375 0.8848349056603774 0.607421875 0.21349056603773575
60 0.8393828125 0.6504245283018868 0.32010937500000003 0.08613207547169799
74 0.12655468749999998 0.1853066037735849 0.034390624999999994 0.056839622641509435
75 0.5089218750000001 0.39352594339622643 0.021437500000000054 0.07832547169811321
39 0.96209375 0.38454009433962266 0.007750000000000035 0.029551886792452853
39 0.52621875 0.404127358490566 0.010750000000000037 0.05009433962264154
39 0.9534218750000001 0.5509787735849057 0.009937500000000044 0.03318396226415088
56 0.5736796875 0.6622877358490566 0.11160937500000001 0.10051886792452824
72 0.49359375000000005 0.5386320754716981 0.19865625000000003 0.23570754716981135
39 0.58021875 0.5622287735849056 0.00840625000000006 0.051438679245283
39 0.9618984374999999 0.49912735849056605 0.01076562499999989 0.03500000000000003
39 0.8693906250000001 0.5340919811320755 0.009906250000000116 0.039834905660377284
39 0.8978593749999999 0.4923349056603773 0.010437499999999877 0.03311320754716979
39 0.8754765625 0.4931603773584906 0.009140625000000013 0.031698113207547174
39 0.866390625 0.3841627358490567 0.009656249999999922 0.03813679245283025
39 0.8960703125 0.38295990566037735 0.009140625000000013 0.039504716981132115
55 0.4257734375 0.38103773584905654 0.020109374999999985 0.01410377358490561
55 0.48455468749999997 0.3825 0.011046875000000012 0.01325471698113212
0 0.2409296875 0.3944221698113208 0.03592187499999999 0.1104952830188679
0 0.7267578125 0.4975353773584906 0.12292187500000007 0.251438679245283
56 0.2874765625 0.7748938679245283 0.15492187500000004 0.2018632075471699
39 0.48515625 0.47641509433962265 0.9703125 0.24528301886792458
