74 0.5083125000000001 0.23566901408450702 0.11903124999999998 0.19495305164319246
0 0.7184999999999999 0.7153169014084506 0.09471875000000007 0.18415492957746482
0 0.6861640625000001 0.6984389671361502 0.07664062500000002 0.14382629107981215
13 0.7480156250000001 0.7617253521126761 0.08334374999999994 0.14584507042253525
0 0.5297265624999999 0.586056338028169 0.006828124999999963 0.0416901408450705
0 0.51778125 0.5867488262910798 0.008750000000000036 0.0411032863849764
0 0.5042734375 0.5854929577464789 0.004703124999999919 0.025915492957746422
6 0.826828125 0.6442488262910798 0.34634375000000006 0.5348356807511736
13 0.9611015625 0.9539201877934272 0.07779687499999999 0.09215962441314551
13 0.6139062500000001 0.6448591549295775 0.04740624999999998 0.06910798122065731
13 0.5724218750000001 0.6140258215962442 0.019906250000000014 0.03664319248826298
0 0.6786171875 0.6891197183098592 0.058296875000000026 0.13438967136150237
13 0.5516953124999999 0.5932629107981221 0.006765624999999997 0.012441314553990557
