56 0.3060390625 0.4736340852130325 0.06639062500000004 0.13488721804511278
56 0.34953125000000007 0.45175438596491235 0.02684375 0.12506265664160404
0 0.8058828125 0.5480451127819549 0.34501562500000005 0.8033583959899748
0 0.4294921875 0.4531328320802005 0.1679218750000001 0.47719298245614034
0 0.14640625000000002 0.46853383458646614 0.256375 0.8696491228070176
0 0.28233593749999997 0.31997493734335836 0.03098437500000001 0.12340852130325813
0 0.0351015625 0.25338345864661654 0.036515625 0.0630576441102757
0 0.319140625 0.3320175438596491 0.020906250000000015 0.12147869674185463
0 0.3059296875 0.33903508771929824 0.021296874999999993 0.1224812030075188
43 0.2116953125 0.8070050125313284 0.167921875 0.2037343358395991
0 0.0117109375 0.3437218045112782 0.022609375 0.13967418546365912
