0 0.5995520833333334 0.388515625 0.5309375000000001 0.5816562499999999
0 0.16629166666666664 0.286515625 0.3325833333333333 0.52359375
0 0.46696875 0.11936718749999999 0.3153125 0.231984375
0 0.3134895833333334 0.10371875000000001 0.15081250000000004 0.20053125000000002
41 0.5061666666666667 0.8326328125 0.2440416666666666 0.271578125
41 0.3126458333333333 0.240828125 0.059624999999999984 0.0363125
42 0.18635416666666668 0.635421875 0.37270833333333336 0.056781250000000005
53 0.2797604166666667 0.665625 0.5595208333333334 0.21428124999999998
53 0.19774999999999998 0.938203125 0.37754166666666666 0.11459375000000005
60 0.5014895833333334 0.7533671875000001 0.9970208333333334 0.47085937499999997
60 0.8458541666666666 0.3260624999999999 0.30829166666666674 0.11712499999999998
0 0.7231458333333334 0.1492109375 0.10529166666666667 0.19520312500000003
3 0.8867916666666666 0.112625 0.2264166666666667 0.10546875
60 0.3603854166666667 0.2629296875 0.1424791666666667 0.04048437499999996
