2 0.50012 0.37929999999999997 0.99976 0.16824
0 0.7310933333333334 0.30337000000000003 0.4134933333333334 0.24270000000000003
1 0.9304933333333334 0.43435999999999997 0.13506666666666656 0.05192000000000002
50 0.2817733333333333 0.42589 0.05042666666666662 0.028859999999999997
50 0.32672 0.42288000000000003 0.06720000000000004 0.027720000000000022
50 0.37189333333333335 0.41512 0.059679999999999955 0.031399999999999983
50 0.4458 0.42705 0.14989333333333338 0.05493999999999999
51 0.7802266666666668 0.50639 0.02328000000000008 0.03278000000000003
51 0.7442933333333334 0.49239999999999995 0.10864000000000007 0.02467999999999998
51 0.7541866666666666 0.45764 0.03488000000000002 0.01860000000000006
51 0.6975066666666666 0.47604 0.20194666666666672 0.04195999999999994
51 0.8352666666666667 0.51254 0.07362666666666673 0.013360000000000039
51 0.8067733333333333 0.49985999999999997 0.020159999999999956 0.012320000000000053
