0 0.35528906250000003 0.4094166666666667 0.04226562499999997 0.18708333333333338
0 0.256125 0.41027083333333325 0.08206250000000001 0.16762499999999997
0 0.211390625 0.41159375000000004 0.04037500000000002 0.17285416666666664
0 0.909359375 0.3261770833333334 0.051843749999999855 0.10552083333333334
0 0.23971874999999998 0.29746874999999995 0.019468750000000007 0.027479166666666666
0 0.15571093749999998 0.3508854166666666 0.024484375000000003 0.09493750000000001
3 0.204390625 0.6689166666666666 0.27365625000000005 0.2995416666666667
3 0.38665625000000003 0.7940208333333333 0.24846875000000007 0.38375000000000004
3 0.42934375 0.6776666666666666 0.2695625 0.18987500000000002
3 0.38903125 0.5333541666666666 0.09128124999999998 0.11795833333333328
3 0.9258437500000001 0.4863854166666666 0.14831249999999996 0.19714583333333324
3 0.9753125 0.531 0.04937500000000006 0.15700000000000008
3 0.747234375 0.45525000000000004 0.1357187499999999 0.16025000000000006
3 0.14002343750000001 0.573125 0.15101562500000001 0.27620833333333333
3 0.621953125 0.4144375 0.14178124999999997 0.16987499999999994
0 0.11053125 0.3358333333333333 0.020687499999999984 0.05954166666666666
26 0.27231249999999996 0.42509375 0.030656249999999996 0.10577083333333337
0 0.1726640625 0.3521458333333334 0.017484374999999996 0.09704166666666664
0 0.20701562499999998 0.345125 0.027687500000000004 0.07304166666666667
0 0.0940078125 0.328375 0.017328125 0.03849999999999998
3 0.5847890625000001 0.8149583333333332 0.3305468750000001 0.35066666666666657
3 0.7490703125 0.8555520833333333 0.501859375 0.28889583333333335
3 0.589234375 0.3608020833333333 0.051156250000000014 0.06543749999999998
25 0.27403124999999995 0.25885416666666666 0.05124999999999996 0.047500000000000014
26 0.893890625 0.34221875 0.021781250000000085 0.07452083333333337
26 0.283546875 0.4798125 0.04834374999999996 0.05462499999999998
26 0.18863281249999997 0.36041666666666666 0.02782812500000001 0.03541666666666665
0 0.2865234375 0.3532708333333333 0.028890625000000003 0.11016666666666663
3 0.8661328125 0.4561354166666666 0.15407812500000007 0.2233124999999999
26 0.1175390625 0.3316041666666667 0.010921874999999998 0.02954166666666669
0 0.37385156249999996 0.33264583333333336 0.014703124999999984 0.03962500000000002
0 0.3895859375 0.39727083333333335 0.026734374999999977 0.1765
0 0.20078125 0.32916666666666666 0.27968750000000003 0.07499999999999996
3 0.48671875000000003 0.6541666666666667 0.9703125 0.6875
