60 0.5 0.49605208333333334 1.0 0.9841875000000001
44 0.562921875 0.26066666666666666 0.8561874999999999 0.20225
50 0.7561796875 0.30823958333333334 0.4252968749999999 0.37177083333333333
50 0.13178125000000002 0.5271250000000001 0.26356250000000003 0.43866666666666665
51 0.874640625 0.5969791666666666 0.10634374999999996 0.1362500000000001
45 0.5 0.4831458333333334 1.0 0.8179583333333333
45 0.135671875 0.05998958333333333 0.16684375 0.11685416666666668
51 0.323640625 0.33057291666666666 0.05565625000000002 0.11872916666666672
51 0.546046875 0.47929166666666667 0.03212500000000007 0.08566666666666672
51 0.9817734375 0.5296458333333334 0.036453125000000086 0.11962499999999993
51 0.4803203125 0.33591666666666664 0.06773437500000001 0.11116666666666669
