23 0.3408125 0.5393233082706766 0.6383125 0.9213533834586466
0 0.7354296875000002 0.764298245614035 0.2523281250000001 0.4714035087719298
0 0.8548437500000001 0.6028195488721804 0.08525000000000005 0.35962406015037585
0 0.9500234375 0.75562656641604 0.09995312500000009 0.45496240601503757
0 0.6848203125 0.5938345864661654 0.20139062499999993 0.22135338345864664
0 0.535875 0.7516917293233083 0.11628125000000006 0.4202255639097744
0 0.9294218750000001 0.5283082706766917 0.039437500000000014 0.056466165413533886
0 0.33050781250000005 0.6233959899749373 0.048265625000000034 0.17501253132832073
0 0.7607656250000001 0.5810526315789473 0.05596875000000001 0.1613032581453634
11 0.9473828124999999 0.4171428571428571 0.018046875000000018 0.03533834586466167
26 0.586890625 0.6959273182957394 0.04849999999999999 0.18764411027568917
41 0.7212890625000001 0.9433333333333334 0.03579687500000006 0.09353383458646614
0 0.8766796875 0.6804511278195489 0.08451562499999998 0.2309774436090225
0 0.45134374999999993 0.7367543859649122 0.09362500000000001 0.44669172932330825
0 0.26145312499999995 0.7541478696741855 0.10040624999999997 0.459874686716792
0 0.46118750000000003 0.7662656641604009 0.04140624999999998 0.09102756892230579
0 0.34889843750000005 0.7193859649122807 0.069765625 0.1987218045112782
0 0.71171875 0.6052631578947368 0.4828125 0.30827067669172936
