2 0.8634929906542055 0.217953125 0.11324766355140181 0.04425000000000001
3 0.18146028037383174 0.465171875 0.3561915887850467 0.3460625
0 0.7941121495327103 0.23332031250000002 0.05135514018691589 0.07679687500000001
0 0.9755140186915888 0.250921875 0.04897196261682235 0.10800000000000001
0 0.35306074766355133 0.23459375000000002 0.0717289719626168 0.10353125000000002
0 0.7232710280373832 0.22361718750000004 0.024018691588785 0.05954687500000003
0 0.38901869158878505 0.25998437499999993 0.06266355140186919 0.12346874999999996
0 0.09817757009345796 0.20816406250000002 0.04901869158878505 0.08264062500000002
0 0.7407126168224298 0.219375 0.026051401869158886 0.06515625
0 0.5321728971962617 0.20196875000000003 0.012429906542056113 0.011281249999999993
0 0.1213551401869159 0.1826875 0.027102803738317763 0.017468750000000005
1 0.9372196261682243 0.6076484375 0.1255607476635514 0.28757812499999996
0 0.7797780373831775 0.23267187500000003 0.03240654205607474 0.06712500000000002
1 0.9292523364485981 0.838828125 0.14149532710280377 0.2705937500000002
0 0.14167056074766354 0.17846875 0.013574766355140211 0.008437500000000014
0 0.7590420560747664 0.208078125 0.012850467289719614 0.019562500000000038
3 0.4913200934579439 0.598703125 0.5243224299065421 0.6415625
