62 0.75084375 0.39925 0.20484375 0.20541666666666664
57 0.2088671875 0.7179166666666668 0.41451562499999994 0.3397916666666666
57 0.2626640625 0.9008645833333333 0.518859375 0.17456250000000006
56 0.3911484375 0.5906041666666666 0.12260937500000002 0.16045833333333326
73 0.30995312499999994 0.29311458333333335 0.04418749999999999 0.06802083333333331
73 0.3412890625 0.28936458333333337 0.020859374999999958 0.07522916666666662
73 0.32525000000000004 0.4705208333333333 0.01150000000000001 0.06683333333333324
73 0.30859375 0.5575208333333334 0.012499999999999956 0.06570833333333326
74 0.9450859375 0.5631979166666666 0.030515625000000046 0.0390625
56 0.980234375 0.74971875 0.03953124999999991 0.17081250000000003
73 0.32071875 0.3792291666666666 0.005281250000000015 0.06375000000000003
73 0.31151562499999996 0.37825000000000003 0.015281249999999968 0.07400000000000007
73 0.29581250000000003 0.32229166666666664 0.030656249999999996 0.007541666666666669
73 0.32625781249999997 0.3825833333333333 0.01285937499999995 0.0673333333333333
73 0.3137578125 0.36573958333333334 0.006640624999999956 0.03668750000000004
73 0.298234375 0.379375 0.030437500000000006 0.08404166666666668
