62 0.514046875 0.29325 0.41796875 0.3348333333333333
67 0.8114765625 0.69528125 0.053640624999999886 0.08168749999999991
41 0.22262500000000002 0.6486458333333334 0.06959375000000004 0.1575833333333333
63 0.49803125 0.5932604166666666 0.25787499999999997 0.3370625
66 0.498515625 0.6946041666666667 0.2544375000000001 0.16108333333333336
73 0.529984375 0.06720833333333333 0.029625000000000012 0.11758333333333333
73 0.8176874999999999 0.06040625 0.020000000000000018 0.1208125
73 0.7762734375 0.11480208333333333 0.047296875000000016 0.22864583333333333
73 0.8398125000000001 0.06354166666666666 0.0426875000000001 0.124875
73 0.5727265625 0.12425000000000001 0.385703125 0.23895833333333336
73 0.0356171875 0.11890625 0.06810937500000001 0.23477083333333335
73 0.07123437500000002 0.11997916666666668 0.09334375000000002 0.23995833333333336
73 0.123703125 0.11558333333333332 0.07987499999999999 0.22595833333333332
73 0.1516015625 0.12701041666666668 0.05595312499999999 0.20689583333333333
73 0.1944765625 0.11620833333333333 0.08054687500000002 0.22729166666666667
73 0.22218749999999998 0.12586458333333334 0.036531250000000015 0.19860416666666666
73 0.244640625 0.11914583333333334 0.0335 0.213625
73 0.2696953125 0.11851041666666667 0.04642187500000003 0.2155625
73 0.49453125000000003 0.11875 0.9859375 0.2375
