59 0.59862 0.7572953736654804 0.7956400000000001 0.4584341637010676
56 0.8627499999999999 0.5486298932384341 0.06413999999999997 0.24501779359430598
56 0.80496 0.5619928825622775 0.09611999999999998 0.235729537366548
58 0.97959 0.24640569395017792 0.04082000000000008 0.1782918149466192
61 0.6434 0.39747330960854094 0.028079999999999994 0.16583629893238439
0 0.80309 0.8667437722419928 0.19389999999999996 0.2665124555160142
75 0.39992 0.20884341637010675 0.03208 0.061032028469750865
75 0.9863299999999999 0.27846975088967973 0.02734000000000003 0.05615658362989323
20 0.33225 0.2098932384341637 0.04413999999999996 0.09715302491103203
56 0.19440000000000002 0.48928825622775796 0.10012000000000001 0.13544483985765127
