58 0.63982 0.4853539823008849 0.13132 0.28604719764011793
62 0.90296 0.4123156342182891 0.08655999999999997 0.1101769911504425
56 0.80732 0.636858407079646 0.24988 0.32327433628318586
56 0.7496 0.5571091445427729 0.19872 0.2629498525073747
56 0.53645 0.7700147492625369 0.17565999999999993 0.4304129793510324
56 0.28552 0.5774926253687316 0.16036000000000003 0.2581120943952802
56 0.50807 0.5384808259587021 0.15993999999999997 0.19117994100294983
60 0.76881 0.8894100294985251 0.46238 0.192920353982301
0 0.50335 0.5253244837758112 0.07974000000000003 0.28374631268436573
47 0.86869 0.9477433628318583 0.05341999999999991 0.0743067846607669
56 0.94207 0.6666666666666667 0.11585999999999996 0.28601769911504427
58 0.69754 0.5411799410029499 0.046599999999999975 0.13185840707964597
45 0.85161 0.9525958702064896 0.0917 0.09480825958702066
49 0.9065399999999999 0.9349410029498525 0.05023999999999995 0.049764011799410035
57 0.11109000000000001 0.7496017699115044 0.22218000000000002 0.5005014749262537
