56 0.8229575163398692 0.8479983660130719 0.3540849673202614 0.30400326797385624
57 0.7672385620915032 0.561421568627451 0.4655228758169935 0.23490196078431375
56 0.5405392156862745 0.45696895424836603 0.2033660130718954 0.20714052287581702
58 0.5583415032679739 0.13933823529411765 0.055245098039215734 0.05495098039215687
73 0.5751143790849673 0.3291911764705882 0.06862745098039225 0.04315359477124181
73 0.690857843137255 0.38100490196078435 0.023480392156862817 0.06096405228758173
73 0.695906862745098 0.38517973856209153 0.02168300653594768 0.05960784313725492
73 0.5593790849673201 0.25982843137254896 0.01715686274509809 0.046062091503267955
73 0.5847794117647058 0.26338235294117646 0.006911764705882395 0.04173202614379082
73 0.7092401960784314 0.3807598039215686 0.01772875816993469 0.05383986928104573
73 0.7140849673202614 0.2972222222222223 0.02535947712418296 0.0514705882352941
73 0.7273692810457516 0.2968709150326797 0.020457516339869253 0.05014705882352938
