14 0.0616015625 0.522400468384075 0.07089062500000001 0.1133723653395784
14 0.7154296875 0.5419789227166276 0.07639062499999993 0.13674473067915693
14 0.857890625 0.5135948477751756 0.0845625000000001 0.16124121779859485
14 0.7916171875 0.3714871194379391 0.04707812500000008 0.04306791569086643
14 0.7324531249999999 0.3881967213114754 0.040437500000000015 0.02206088992974231
14 0.0321640625 0.36944964871194386 0.030953124999999998 0.022037470725995323
18 0.5598515625 0.42868852459016393 0.13907812499999994 0.13264637002341928
18 0.43499218749999996 0.43096018735362995 0.13864062499999996 0.13573770491803283
18 0.2776328125 0.43081967213114747 0.14492187499999998 0.14838407494145195
18 0.14575781250000003 0.41279859484777515 0.11701562500000003 0.13894613583138177
18 0.7416640624999999 0.4647072599531616 0.14695312500000002 0.14950819672131155
0 0.9768515625 0.36011709601873537 0.035890625000000065 0.1151288056206089
14 0.7450625 0.35989461358313823 0.01590625000000001 0.04245901639344257
14 0.6805625000000001 0.3601170960187354 0.016687499999999966 0.03114754098360656
18 0.3738906249999999 0.4158313817330211 0.11484374999999997 0.1220608899297424
18 0.9566015625 0.4735948477751756 0.062234375000000064 0.124847775175644
14 0.6996875 0.37932084309133496 0.03184374999999995 0.02725995316159252
14 0.37047656250000005 0.3556088992974239 0.016546875000000016 0.016744730679156883
14 0.430796875 0.3509133489461358 0.01143749999999999 0.02571428571428569
14 0.504453125 0.3520023419203747 0.016624999999999945 0.0246135831381733
18 0.8985 0.39414519906323187 0.13003125000000004 0.16131147540983604
14 0.5696328125000001 0.36482435597189694 0.019140625000000022 0.01587822014051521
14 0.61953125 0.38992974238875877 0.6765625 0.10070257611241218
