2 0.08811458333333334 0.1429609375 0.16668750000000002 0.11126562499999998
2 0.17902083333333332 0.1399609375 0.14558333333333334 0.108296875
10 0.494375 0.45436718750000005 0.49737500000000007 0.757296875
0 0.36523958333333334 0.133921875 0.06277083333333333 0.14125
0 0.4374895833333333 0.10390625 0.049687499999999996 0.0654375
0 0.643875 0.1523203125 0.04483333333333328 0.074578125
0 0.57675 0.12133593749999999 0.021749999999999936 0.020734374999999985
2 0.40107291666666667 0.1506796875 0.043312499999999976 0.04170312499999998
2 0.25787499999999997 0.1316328125 0.15254166666666663 0.09698437500000001
2 0.33730208333333334 0.14850000000000002 0.02639583333333334 0.05765624999999999
0 0.6132916666666666 0.15385156249999998 0.01891666666666658 0.035609375
26 0.3496458333333333 0.1168515625 0.02424999999999994 0.06135937500000001
