42 0.3831796875 0.857037037037037 0.04229687500000001 0.08052910052910045
42 0.3971171875 0.8531349206349207 0.036453124999999975 0.062089947089947195
0 0.5136484375 0.5269708994708995 0.257484375 0.537063492063492
0 0.420734375 0.3044973544973545 0.10884375000000007 0.26291005291005287
0 0.736625 0.5102645502645502 0.24953124999999998 0.4808994708994709
0 0.7273359374999999 0.2247222222222222 0.12476562499999988 0.4494444444444444
0 0.5184140625 0.1447089947089947 0.045921875 0.13031746031746033
0 0.9465625 0.5538756613756615 0.10687499999999994 0.3293915343915344
0 0.358390625 0.2723148148148148 0.08740625000000002 0.19886243386243385
0 0.1290234375 0.27425925925925926 0.082703125 0.19037037037037033
0 0.6363671875000001 0.3488756613756614 0.06182812500000001 0.2905026455026455
0 0.30458593749999996 0.3508994708994709 0.12182812500000001 0.3116402116402116
0 0.9078359375 0.21742063492063493 0.04707812499999997 0.07738095238095238
27 0.522921875 0.5928306878306877 0.04771875000000003 0.1775132275132275
27 0.7376875 0.585026455026455 0.050562499999999955 0.19544973544973537
27 0.3398671875 0.28715608465608466 0.008703124999999978 0.03568783068783071
27 0.39877343750000005 0.32133597883597886 0.009828125000000021 0.03542328042328041
27 0.9037109375 0.23689153439153438 0.006578125000000101 0.018333333333333313
27 0.6391328125 0.15473544973544973 0.004859374999999999 0.02349206349206351
40 0.172765625 0.8728703703703704 0.044562500000000005 0.25410052910052916
40 0.09439843750000002 0.8746428571428572 0.08639062500000001 0.24769841269841275
40 0.575453125 0.7992989417989418 0.03918749999999993 0.21198412698412694
40 0.8302109375 0.7315211640211641 0.036296875000000006 0.20584656084656083
40 0.870109375 0.7594708994708994 0.06993749999999999 0.19222222222222207
40 0.1488203125 0.8625396825396825 0.04832812500000003 0.274920634920635
40 0.919421875 0.7320634920634921 0.038000000000000145 0.16375661375661377
40 0.5105546875 0.7916798941798942 0.07851562500000003 0.17679894179894184
40 0.09339843750000001 0.36510582010582016 0.011046874999999998 0.0825925925925926
40 0.062375 0.8476190476190477 0.053093749999999995 0.2764021164021164
40 0.14378125 0.40179894179894177 0.017718750000000005 0.08185185185185184
40 0.88509375 0.7439285714285715 0.0407812500000001 0.20912698412698416
56 0.038453125000000005 0.3262433862433862 0.07659375000000002 0.08396825396825397
56 0.0124296875 0.2707804232804233 0.024046875 0.02664021164021163
56 0.5968359375000001 0.3938359788359789 0.05601562500000001 0.19650793650793646
56 0.599890625 0.2808730158730159 0.042468749999999944 0.05587301587301585
56 0.885375 0.5518386243386243 0.09940625000000003 0.19441798941798938
56 0.5521328125 0.2587301587301587 0.036203125 0.028518518518518554
56 0.8183984375 0.41994708994708996 0.07757812500000005 0.17449735449735448
56 0.9414999999999999 0.2983597883597883 0.05393749999999997 0.09878306878306872
56 0.87140625 0.280978835978836 0.02774999999999994 0.029100529100529127
60 0.5 0.8122619047619047 1.0 0.3754761904761905
60 0.937140625 0.3681481481481481 0.07462499999999994 0.08693121693121691
42 0.012718750000000001 0.9351984126984128 0.01865625 0.08648148148148149
56 0.387015625 0.5626719576719577 0.08512500000000006 0.4151322751322751
56 0.0527890625 0.543042328042328 0.105578125 0.3497354497354498
56 0.5893046875000001 0.31433862433862436 0.04235937500000009 0.07920634920634922
0 0.2077890625 0.20253968253968252 0.030140625000000004 0.06767195767195763
27 0.014890625000000001 0.21962962962962962 0.007250000000000001 0.014021164021164018
27 0.22938281249999998 0.14071428571428574 0.003953125000000002 0.012222222222222218
40 0.9036171874999999 0.3251058201058201 0.010984374999999935 0.0476719576719577
43 0.48428906250000003 0.8306349206349206 0.033796875000000004 0.0626984126984127
56 0.4709765625 0.25626984126984126 0.029953125000000025 0.04391534391534391
0 0.23625000000000002 0.5342857142857143 0.30374999999999996 0.5974074074074074
0 0.5 0.2738095238095238 0.996875 0.3941798941798942
40 0.4796875 0.5648148148148148 0.9406249999999999 0.6481481481481481
