0 0.41539062499999996 0.3866015625 0.07537499999999997 0.19502604166666665
0 0.31360937499999997 0.39908854166666663 0.05950000000000005 0.12708333333333333
0 0.294828125 0.3700130208333333 0.06284375000000003 0.15924479166666666
0 0.5542890625 0.030937500000000003 0.03323437499999993 0.061875000000000006
0 0.261046875 0.03748697916666667 0.0295 0.04486979166666667
0 0.15284375 0.03294270833333333 0.04571875000000003 0.05218749999999999
0 0.11267968749999999 0.0404296875 0.030328124999999984 0.04289062499999999
34 0.40257031249999997 0.27565104166666665 0.03148437500000001 0.06182291666666667
35 0.331328125 0.39428385416666667 0.013312500000000005 0.028776041666666696
0 0.8205078125 0.052265624999999996 0.028046875000000138 0.05932291666666667
0 0.7889296874999999 0.04973958333333334 0.03407812499999996 0.04427083333333334
0 0.21747656250000003 0.03825520833333333 0.03523437500000001 0.04130208333333332
0 0.7552578125 0.05026041666666667 0.030984374999999953 0.042083333333333334
13 0.7926171875 0.028346354166666667 0.06020312499999991 0.033151041666666665
32 0.9328750000000001 0.5554296875 0.007937500000000042 0.01325520833333338
0 0.371796875 0.030625 0.044875 0.05875
0 0.330984375 0.030507812500000002 0.027375000000000038 0.04830729166666667
0 0.3890625 0.041666666666666664 0.778125 0.08333333333333333
