0 0.6820937499999999 0.49524999999999997 0.040562499999999946 0.085625
0 0.5864218749999999 0.5051458333333334 0.03237499999999993 0.06187500000000001
37 0.7009375 0.6088229166666667 0.21665624999999988 0.20906249999999993
37 0.856296875 0.5593125 0.17737500000000006 0.11758333333333337
37 0.49622656249999997 0.6008125000000001 0.142578125 0.16679166666666667
37 0.725921875 0.507375 0.04212499999999997 0.08737500000000004
37 0.74771875 0.5117604166666666 0.04181249999999992 0.10614583333333333
37 0.720296875 0.49896874999999996 0.03875000000000006 0.07885416666666661
37 0.306015625 0.63575 0.14203125000000003 0.14875000000000005
37 0.327109375 0.6353020833333334 0.09699999999999998 0.13177083333333328
37 0.273828125 0.6279270833333334 0.18715625 0.1637291666666667
37 0.43186718749999997 0.6080729166666667 0.16704687499999998 0.1663958333333334
37 0.4640546875 0.5574375 0.07660937499999992 0.06791666666666663
0 0.195421875 0.6122916666666667 0.02656249999999999 0.04125000000000001
37 0.7380390625 0.5836874999999999 0.175109375 0.12475000000000003
37 0.5128125 0.5111979166666667 0.03406250000000005 0.028979166666666667
37 0.6640625 0.5541666666666667 0.66875 0.22499999999999998
