0 0.6572421875 0.4417764705882353 0.5958281249999999 0.860729411764706
0 0.3228671875 0.6116117647058823 0.06573437500000001 0.1802117647058824
0 0.11502343749999999 0.5848588235294118 0.045265624999999976 0.19931764705882354
0 0.20535937499999998 0.5792823529411765 0.03268749999999998 0.1026117647058824
0 0.40265625 0.5407411764705882 0.05212499999999998 0.12562352941176463
0 0.9587734375 0.5564941176470588 0.06014062500000006 0.2826352941176471
0 0.8259921875 0.5529294117647059 0.030921874999999877 0.2169176470588236
0 0.8650078125 0.5894352941176471 0.040921874999999996 0.23176470588235293
0 0.3148515625 0.4990117647058824 0.044421875 0.06527058823529414
0 0.357265625 0.5361176470588236 0.042749999999999955 0.1201882352941176
36 0.581984375 0.8089882352941176 0.5670625000000001 0.301129411764706
36 0.1087265625 0.6781294117647059 0.054515624999999984 0.06425882352941181
36 0.048835937499999996 0.6608705882352941 0.024171875000000002 0.09444705882352933
0 0.8476406249999999 0.5225647058823529 0.029468749999999932 0.12719999999999998
13 0.3168359375 0.6278235294117647 0.370234375 0.11249411764705897
2 0.886390625 0.5258470588235294 0.016125000000000056 0.054376470588235304
2 0.98571875 0.5176235294117647 0.00840625000000006 0.04432941176470595
2 0.1852421875 0.5300823529411764 0.21714062499999998 0.07997647058823532
2 0.43378125 0.545364705882353 0.025781249999999978 0.06127058823529408
36 0.25056249999999997 0.6932 0.06340624999999997 0.025600000000000067
36 0.280390625 0.6593058823529412 0.029406250000000023 0.09842352941176469
0 0.66615625 0.6317294117647059 0.04993749999999997 0.11240000000000006
0 0.9108281250000001 0.570529411764706 0.04662500000000003 0.21884705882352945
0 0.4671875 0.5811764705882353 0.934375 0.2588235294117647
