0 0.4820234375 0.4971881838074398 0.23267187500000003 0.5576148796498905
31 0.46598437500000006 0.746816192560175 0.24840625000000005 0.20575492341356671
0 0.035132812500000006 0.12553610503282275 0.04932812500000001 0.1495842450765864
0 0.2023046875 0.1024617067833698 0.017984374999999997 0.07516411378555798
0 0.62440625 0.13938730853391687 0.00824999999999998 0.03641137855579869
0 0.696625 0.15797592997811816 0.023562500000000042 0.06059080962800875
0 0.4767265625 0.16827133479212253 0.014171875 0.04687089715536105
0 0.6569453125 0.13830415754923414 0.012390624999999988 0.034113785557986886
0 0.6017890625 0.1286542669584245 0.009953125000000007 0.038140043763676135
0 0.4259140625 0.14416849015317285 0.01395312500000001 0.041203501094091904
0 0.4374453125 0.15726477024070024 0.015140625000000019 0.055404814004376385
31 0.70246875 0.18898249452954047 0.02100000000000002 0.018227571115973756
31 0.762375 0.10191466083150985 0.006843750000000037 0.015339168490153168
0 0.9302734375000001 0.19327133479212255 0.03448437500000001 0.030525164113785558
0 0.9175312499999999 0.17398249452954048 0.026437500000000003 0.03641137855579868
31 0.019203125 0.16678336980306346 0.033625 0.031684901531728676
0 0.7653359375 0.09470459518599562 0.008453125000000061 0.03702407002188185
