67 0.5825859375 0.4433924611973392 0.00989062499999993 0.013436807095343728
56 0.1859921875 0.6724279379157427 0.371984375 0.6551441241685144
56 0.43267968749999997 0.6833148558758314 0.20689062499999994 0.46454545454545443
56 0.7138203125 0.44513303769401324 0.197453125 0.24556541019955652
0 0.5594062500000001 0.4937694013303769 0.5040937500000001 0.9598669623059867
0 0.8097578125 0.4094567627494457 0.3144218750000001 0.5179379157427938
0 0.879046875 0.38391352549889135 0.17684375000000008 0.37332594235033256
0 0.9489375 0.2970177383592018 0.08565624999999999 0.1431263858093127
0 0.8799375 0.28276053215077607 0.038406249999999975 0.12516629711751662
13 0.688625 0.45835920177383593 0.15431249999999996 0.2731263858093127
27 0.4667265625 0.32109756097560976 0.09695312499999997 0.24188470066518852
56 0.9578984375 0.3616629711751662 0.08420312499999993 0.1337472283813747
56 0.8805703125 0.3217738359201774 0.03267187500000002 0.048292682926829256
56 0.9094374999999999 0.3032483370288248 0.019999999999999907 0.06866962305986696
56 0.775015625 0.3708093126385809 0.1027499999999999 0.1560753880266076
56 0.8386953125 0.41758314855875833 0.10132812499999999 0.16824833702882486
13 0.1867265625 0.673669623059867 0.373453125 0.652660753880266
67 0.5544921875 0.4570509977827051 0.038046875000000036 0.031751662971175154
