62 0.9650156249999999 0.6807395833333333 0.06818750000000007 0.2223124999999999
56 0.5151171875 0.5566979166666667 0.210578125 0.24622916666666672
57 0.25782812499999996 0.7028229166666666 0.49553125 0.48710416666666667
67 0.8721406250000001 0.82778125 0.05456249999999996 0.045229166666666654
65 0.5340546875000001 0.6768541666666666 0.01885937500000001 0.027374999999999927
65 0.2373515625 0.75209375 0.04270312499999995 0.03602083333333339
73 0.69046875 0.5235 0.08131250000000001 0.1045416666666667
73 0.81896875 0.54603125 0.009593749999999956 0.053604166666666675
73 0.841609375 0.4563125 0.007062499999999972 0.07420833333333332
73 0.8128046875 0.6336875 0.017390624999999993 0.08116666666666661
65 0.8724453125 0.8280416666666667 0.05242187499999984 0.0462499999999999
65 0.9139765625 0.7567291666666667 0.042984374999999964 0.02774999999999994
73 0.7943125 0.4549166666666667 0.0034374999999999822 0.05104166666666665
73 0.8718593749999999 0.638375 0.014249999999999985 0.07895833333333324
73 0.7695390625 0.6289479166666667 0.01020312499999998 0.07518750000000007
73 0.7801171875 0.6275416666666667 0.012609375000000034 0.07895833333333335
73 0.8237890625 0.4560416666666667 0.1709218749999999 0.09050000000000002
73 0.821984375 0.5380833333333334 0.1735000000000001 0.08370833333333333
73 0.842640625 0.6420729166666667 0.009937499999999932 0.07206250000000014
73 0.7436953125 0.6211979166666668 0.02251562500000004 0.0872708333333333
65 0.30174999999999996 0.7143645833333333 0.022718749999999954 0.01793749999999994
65 0.7659374999999999 0.82503125 0.025624999999999898 0.04943750000000002
65 0.6697109375 0.6511145833333334 0.054828125000000005 0.023770833333333408
