2 0.38658593750000003 0.63784375 0.08770312500000005 0.06414583333333346
2 0.1549921875 0.6318541666666667 0.081453125 0.06537499999999996
3 0.29914062499999994 0.7111770833333334 0.10049999999999998 0.13206249999999997
0 0.2999921875 0.6577708333333333 0.056515625000000014 0.14575000000000005
0 0.27482812500000003 0.6553958333333334 0.025656250000000047 0.13979166666666665
2 0.03384375 0.6349687499999999 0.06324999999999999 0.05760416666666657
7 0.1113984375 0.628875 0.045546875 0.061124999999999874
0 0.5519453125 0.5999062500000001 0.017390624999999993 0.046687500000000104
9 0.06764062500000001 0.428 0.018218750000000013 0.04270833333333335
0 0.4038671875 0.6015833333333334 0.006515625000000025 0.012624999999999997
9 0.17570312500000002 0.4924375 0.024593749999999998 0.026583333333333348
9 0.3986484375 0.45175 0.010109374999999976 0.028916666666666646
9 0.3674140625 0.46451041666666665 0.007984375000000044 0.027687499999999976
9 0.43171875000000004 0.39115625 0.015000000000000069 0.021895833333333337
9 0.08933593749999999 0.50028125 0.04235937499999998 0.0650208333333333
