32 0.5817265625 0.7775292740046839 0.05998437499999998 0.09440281030444964
2 0.3727421875 0.2983606557377049 0.14920312500000005 0.1581733021077284
2 0.2993515625 0.28525761124121785 0.06270312499999997 0.12704918032786888
2 0.59875 0.2880093676814988 0.11731249999999993 0.17822014051522247
2 0.4548046875 0.29101873536299766 0.07620312499999998 0.11421545667447308
2 0.1309296875 0.23370023419203745 0.086046875 0.10843091334894614
0 0.5677890625 0.4734777517564403 0.16867187500000003 0.5417564402810305
0 0.809609375 0.5563817330210772 0.16025000000000011 0.6567915690866509
0 0.1945234375 0.5414168618266979 0.342609375 0.6101873536299767
2 0.87834375 0.2814519906323185 0.12265624999999991 0.13096018735362996
2 0.027421875000000002 0.3176229508196721 0.054843750000000004 0.08681498829039813
2 0.032195312499999997 0.266615925058548 0.063015625 0.07177985948477747
0 0.9479296874999998 0.37063231850117095 0.1039843749999999 0.4155971896955504
0 0.19958593749999998 0.24881733021077285 0.06057812500000001 0.09533957845433252
0 0.0956171875 0.354344262295082 0.088515625 0.34105386416861827
