39 0.5448359375 0.8499180327868852 0.06229687500000003 0.3001639344262296
39 0.210203125 0.750175644028103 0.07890624999999998 0.4172131147540983
39 0.8282578125 0.7899180327868852 0.05870312499999997 0.2639578454332552
56 0.8976406250000001 0.6925409836065575 0.20215625000000004 0.16793911007025752
56 0.3210703125 0.5570023419203747 0.05276562500000004 0.026370023419203692
60 0.5169140625 0.8772482435597189 0.958703125 0.22072599531615922
0 0.6770468749999999 0.5914051522248244 0.2538437499999999 0.4185480093676815
0 0.5762734375 0.563735362997658 0.11729687499999997 0.2835362997658079
0 0.19343749999999998 0.6367564402810304 0.305125 0.525175644028103
41 0.09755468750000001 0.8885011709601873 0.081203125 0.22299765807962535
39 0.761296875 0.5582435597189697 0.013437500000000102 0.052740046838407495
39 0.60765625 0.8711241217798595 0.06559375 0.25775175644028103
41 0.6676171875000001 0.9189227166276346 0.08345312500000002 0.14576112412177988
41 0.3356015625 0.7844145199063232 0.05445312499999999 0.17449648711943788
41 0.9788124999999999 0.7552224824355973 0.04184374999999996 0.16688524590163933
43 0.6972734375 0.8354683840749415 0.036609375000000055 0.08611241217798582
56 0.3172578125 0.664543325526932 0.016390624999999992 0.06871194379391088
56 0.373328125 0.6213466042154566 0.059968750000000015 0.1730444964871194
56 0.517640625 0.662248243559719 0.028968749999999988 0.13025761124121782
60 0.328640625 0.6436533957845434 0.08684375000000005 0.11063231850117095
60 0.82715625 0.6066627634660422 0.12190625 0.05220140515222482
0 0.8513359375 0.5019203747072599 0.166640625 0.17939110070257608
0 0.9594296875 0.5517330210772833 0.08114062499999997 0.24117096018735362
0 0.842 0.5546135831381733 0.09650000000000003 0.1276346604215456
39 0.4920703125 0.8240046838407495 0.06329687499999997 0.274519906323185
39 0.9242734374999999 0.7707845433255269 0.07154687500000001 0.18592505854800934
41 0.7746015625 0.916288056206089 0.09023437500000009 0.167423887587822
41 0.75134375 0.55711943793911 0.01475000000000004 0.037377049180327915
39 0.7338671875 0.531112412177986 0.022390624999999997 0.07309133489461361
