27 0.33309374999999997 0.48504166666666665 0.03206250000000005 0.21483333333333332
27 0.510546875 0.5241666666666667 0.03243750000000001 0.1484166666666667
27 0.7093828124999999 0.5410520833333333 0.029421875000000042 0.15135416666666668
27 0.86140625 0.5057708333333333 0.039593750000000094 0.11062499999999992
56 0.041296875 0.8872708333333333 0.07921875 0.1977500000000001
0 0.5081718749999999 0.6424166666666666 0.23856249999999996 0.7130416666666668
0 0.8953671875 0.6283958333333333 0.17592187500000012 0.708625
0 0.7268515624999999 0.6543229166666666 0.20185937499999995 0.6913541666666667
0 0.303703125 0.5938229166666666 0.22962500000000005 0.7876458333333334
0 0.11018750000000001 0.6604895833333333 0.2055625 0.6790208333333334
