8 0.7035390625 0.8814252336448598 0.20098437499999988 0.1915420560747665
8 0.4361875 0.7461331775700936 0.09631250000000002 0.10890186915887856
8 0.366140625 0.6397313084112148 0.09225 0.03581775700934575
8 0.17230468750000003 0.7406191588785046 0.10804687500000004 0.21128504672897197
8 0.39166406249999997 0.5413317757009346 0.010734375000000018 0.011682242990654235
8 0.41385937500000003 0.5782126168224299 0.006843749999999982 0.010957943925233637
0 0.705015625 0.879661214953271 0.01187500000000008 0.03422897196261687
0 0.6729921875 0.8766238317757009 0.020390625000000107 0.046892523364486016
0 0.43918749999999995 0.7292757009345794 0.016624999999999945 0.02654205607476634
0 0.9544140625000002 0.7575934579439253 0.017109375000000093 0.06144859813084125
8 0.226296875 0.6481658878504672 0.11996874999999999 0.09936915887850462
8 0.29502343750000004 0.5955257009345793 0.03254687500000003 0.024883177570093395
0 0.6879765625 0.8778271028037383 0.020515624999999926 0.05116822429906531
0 0.461046875 0.7435046728971962 0.01490625000000001 0.03929906542056072
0 0.34867187499999996 0.6279906542056075 0.0069687500000000235 0.027149532710280422
0 0.22855468750000002 0.6549299065420561 0.007828124999999991 0.01434579439252337
0 0.711328125 0.9031425233644861 0.018874999999999975 0.02221962616822426
8 0.47968750000000004 0.6444509345794394 0.04128124999999999 0.019742990654205594
8 0.5319921875 0.6755140186915888 0.047859374999999926 0.030887850467289812
8 0.23292187499999997 0.5820560747663552 0.038187499999999985 0.02612149532710284
0 0.5870078125 0.681016355140187 0.02179687500000005 0.020163551401869206
8 0.3327578125 0.5394976635514019 0.01823437499999997 0.01591121495327108
0 0.16312500000000002 0.7750233644859814 0.00809375000000001 0.012757009345794379
0 0.649171875 0.8008528037383178 0.02215624999999999 0.07016355140186914
