57 0.6105 0.7322546728971963 0.40125 0.31614485981308404
0 0.2835078125 0.589696261682243 0.33660937500000004 0.7897196261682242
0 0.53125 0.6337032710280374 0.19987499999999997 0.7101168224299066
65 0.3504140625 0.765070093457944 0.05717187499999998 0.1039719626168224
65 0.5809531250000001 0.6756542056074766 0.032468750000000046 0.023925233644859767
65 0.40800781249999996 0.7444859813084111 0.057046875 0.06626168224299067
65 0.6167578125 0.5953738317757009 0.016765625000000006 0.029392523364485945
26 0.6912109375 0.6895093457943925 0.030953125000000026 0.07434579439252342
0 0.34789843750000005 0.5854556074766355 0.051890625000000024 0.20408878504672895
0 0.157046875 0.6438200934579439 0.16681250000000003 0.6898831775700934
56 0.8401015624999999 0.8988084112149533 0.19107812499999988 0.20028037383177566
