0 0.8742604166666668 0.3025390625 0.11706249999999996 0.158203125
0 0.8943333333333334 0.24750000000000003 0.07341666666666669 0.06037500000000001
28 0.42423958333333334 0.55253125 0.40202083333333327 0.18690625000000005
28 0.5301354166666667 0.46132031250000005 0.4365625000000001 0.217109375
28 0.78021875 0.500390625 0.2318958333333333 0.12343750000000003
24 0.9118333333333335 0.2534375 0.040458333333333374 0.042593749999999986
26 0.9216458333333333 0.292953125 0.02808333333333335 0.032062499999999994
28 0.8050208333333333 0.4237265625 0.15533333333333332 0.07107812499999999
28 0.6656875 0.30658593749999996 0.09783333333333322 0.035703125
28 0.2807291666666667 0.7354140625 0.43291666666666667 0.410390625
28 0.74821875 0.44765625 0.27722916666666664 0.10084375000000001
28 0.80865625 0.3831171875 0.10735416666666664 0.05454687499999994
28 0.59740625 0.36882812499999995 0.25281249999999994 0.08312499999999995
28 0.7629270833333333 0.3124921875 0.16664583333333327 0.075171875
28 0.73365625 0.3458671875 0.22510416666666666 0.07110937499999997
