8 0.601765625 0.7842736486486486 0.46562499999999996 0.16631756756756755
0 0.514984375 0.6975844594594595 0.041312499999999974 0.08543918918918925
0 0.359953125 0.4433277027027027 0.05146875000000001 0.23016891891891894
0 0.5510390625 0.6946283783783784 0.028046875000000027 0.08445945945945943
0 0.6677890625 0.5661655405405406 0.04667187500000003 0.24125000000000002
0 0.597234375 0.7008445945945945 0.037531249999999905 0.07750000000000001
0 0.629328125 0.7033277027027027 0.03375000000000006 0.06787162162162164
0 0.46775 0.5256081081081081 0.03709374999999998 0.1966216216216216
0 0.4761640625 0.6567567567567567 0.04923437499999994 0.15425675675675676
0 0.5636640625 0.6877871621621621 0.03251562499999994 0.0908445945945946
