0 0.20331249999999998 0.5513583138173302 0.40362499999999996 0.8239344262295082
0 0.5839765625 0.5752810304449648 0.10945312500000004 0.47192037470725995
0 0.6552109374999999 0.6388524590163934 0.05979687499999997 0.3125526932084308
29 0.5009140625 0.6040046838407493 0.15592187500000004 0.09484777517564391
2 0.8356718750000001 0.3211241217798595 0.07112499999999988 0.12201405152224826
13 0.7098046874999999 0.48145199063231847 0.10935937500000004 0.09807962529274006
0 0.1521015625 0.30418032786885246 0.036859375 0.1272833723653396
0 0.4690546875 0.6815807962529274 0.07210937499999998 0.28288056206088996
2 0.6793671875 0.31618266978922716 0.092703125 0.07569086651053863
2 0.5923671875 0.32175644028103045 0.07864062500000002 0.082576112412178
2 0.5212734374999999 0.3198829039812646 0.09367187499999996 0.07288056206088994
