19 0.48709375 0.5225729166666666 0.25806250000000003 0.20214583333333336
19 0.082640625 0.5086770833333333 0.16528125 0.3602708333333333
19 0.35974218750000003 0.46930208333333334 0.18629687500000003 0.3533125
19 0.6982421875 0.3956666666666667 0.10020312499999995 0.14216666666666672
19 0.7664375000000001 0.5173229166666666 0.18178125000000012 0.20285416666666672
19 0.171140625 0.45334375000000005 0.19462500000000002 0.32439583333333344
19 0.9162890625 0.42898958333333337 0.16742187499999994 0.0987291666666667
19 0.7684765625000001 0.37816666666666665 0.05810937500000002 0.12433333333333335
19 0.9827890625 0.47730208333333335 0.03195312500000014 0.18068750000000006
19 0.8304375 0.41975000000000007 0.16481250000000003 0.08800000000000002
19 0.983140625 0.42872916666666666 0.03371875000000002 0.08987500000000004
