0 0.5705 0.6223541666666667 0.06818750000000007 0.16445833333333337
0 0.36975781250000006 0.6685729166666667 0.071953125 0.1623541666666667
0 0.636 0.6349791666666667 0.0685 0.1512083333333334
0 0.8750234375 0.6484479166666667 0.030421875000000043 0.11010416666666667
0 0.6093671875 0.6289375 0.043140625000000044 0.15037499999999993
13 0.281125 0.6689583333333333 0.14275000000000002 0.09795833333333326
13 0.1384765625 0.6798020833333334 0.08642187500000001 0.03602083333333339
13 0.5416640625 0.6530520833333333 0.022109374999999987 0.07256249999999997
13 0.6708515625 0.65625 0.036296875000000006 0.08174999999999999
0 0.9164375 0.6521666666666668 0.033218749999999964 0.132
13 0.8454062499999999 0.6597083333333333 0.0901249999999999 0.09766666666666668
13 0.919140625 0.67396875 0.10671874999999986 0.1291041666666668
13 0.9776484375 0.6637916666666668 0.044703125000000066 0.05025000000000002
