2 0.12396875 0.4376006711409396 0.2479375 0.5307046979865773
2 0.20600000000000002 0.4233724832214765 0.15825 0.40567114093959733
0 0.5205546875 0.5112248322147651 0.06801562499999997 0.5235906040268457
0 0.3705 0.5237248322147651 0.09821875000000002 0.7283221476510067
0 0.0535 0.5047147651006711 0.10162500000000001 0.6142617449664429
0 0.8900078124999999 0.45835570469798653 0.08392187500000003 0.4076510067114093
0 0.6274843750000001 0.3628691275167785 0.05465624999999996 0.33862416107382554
0 0.24763281249999997 0.43708053691275167 0.043265624999999974 0.38503355704697995
0 0.9810546875 0.46169463087248325 0.037890624999999956 0.4523825503355704
30 0.7014374999999999 0.8109563758389261 0.09796875000000005 0.07761744966442952
36 0.25570312500000003 0.621493288590604 0.06865625 0.026812080536912752
24 0.4814453125 0.7220469798657718 0.07304687499999996 0.06275167785234903
0 0.8369218749999999 0.34491610738255035 0.015843749999999934 0.09345637583892619
0 0.667328125 0.4603691275167785 0.04118749999999993 0.4369127516778523
24 0.3059140625 0.35427852348993294 0.04326562500000003 0.16969798657718121
24 0.37491406250000003 0.40078859060402683 0.059703125000000024 0.23466442953020133
0 0.7111015624999999 0.5401845637583893 0.08304687499999996 0.5370805369127516
7 0.123015625 0.43951342281879197 0.24603125 0.5333221476510067
30 0.25889062500000004 0.7133724832214765 0.05546875000000001 0.044731543624161096
36 0.05625 0.8040939597315435 0.1125 0.06201342281879196
7 0.20653906249999998 0.42327181208053694 0.158921875 0.39493288590604025
24 0.6315859374999999 0.5513422818791947 0.031265624999999964 0.04476510067114092
0 0.300109375 0.4947986577181208 0.0909375 0.6171812080536911
0 0.17195312499999998 0.504748322147651 0.07137499999999997 0.3946644295302013
0 0.53415625 0.3392281879194631 0.07565625000000004 0.15872483221476508
