60 0.7625546875 0.6685411764705883 0.16714062500000004 0.33035294117647074
40 0.8335781250000001 0.5969176470588236 0.025156250000000102 0.0660705882352941
40 0.7195703125 0.5183176470588235 0.02223437500000003 0.07207058823529411
41 0.7819687499999999 0.6248588235294117 0.021093750000000022 0.03814117647058812
41 0.196546875 0.3922705882352941 0.015843750000000045 0.013623529411764701
41 0.802296875 0.5138470588235293 0.014249999999999874 0.029388235294117604
41 0.1472890625 0.3826823529411764 0.02079687500000002 0.03355294117647056
42 0.7469609374999999 0.6336588235294118 0.01789062500000005 0.02524705882352951
42 0.8180000000000001 0.6361647058823529 0.031874999999999876 0.03167058823529412
60 0.1720859375 0.43683529411764704 0.18932812499999999 0.19418823529411766
60 0.8570078124999999 0.2931647058823529 0.044390624999999906 0.057999999999999996
26 0.744890625 0.9166470588235294 0.06918750000000007 0.16670588235294126
0 0.67196875 0.6728117647058824 0.17171874999999992 0.4736705882352942
0 0.1134140625 0.6943764705882354 0.22085937499999997 0.5887529411764706
0 0.0559453125 0.5238705882352942 0.111890625 0.3032235294117647
0 0.055429687500000005 0.3640941176470588 0.11085937500000001 0.20442352941176473
0 0.086796875 0.29150588235294117 0.062375 0.1240470588235294
0 0.1826875 0.2970941176470588 0.07365625000000003 0.1273176470588235
0 0.2641171875 0.34389411764705885 0.07339062500000001 0.19009411764705886
0 0.87596875 0.6573058823529412 0.18803124999999987 0.41574117647058817
0 0.3375078125 0.28998823529411766 0.059171874999999985 0.15315294117647066
0 0.3963046875 0.24611764705882355 0.03773437499999999 0.09232941176470588
0 0.552140625 0.5269647058823529 0.12834375000000003 0.34381176470588226
0 0.7090937500000001 0.2672470588235294 0.029562500000000047 0.09807058823529413
26 0.4541953125 0.3973882352941177 0.013921875000000028 0.13910588235294113
40 0.97215625 0.3407764705882353 0.013187500000000019 0.03261176470588234
40 0.9602265625000002 0.33067058823529405 0.008890625000000152 0.02392941176470581
40 0.1565703125 0.35011764705882353 0.011578124999999995 0.037976470588235334
41 0.166828125 0.3617176470588235 0.011531249999999993 0.018541176470588228
43 0.7447109375000001 0.6200823529411765 0.031984375000000065 0.024258823529411777
56 0.3071484375 0.47598823529411766 0.109421875 0.23178823529411774
56 0.6484921875 0.7942470588235294 0.193078125 0.40736470588235285
56 0.925953125 0.8044941176470588 0.13878124999999986 0.301129411764706
56 0.5009453125000001 0.6642235294117647 0.09982812499999999 0.3577176470588236
56 0.4810625 0.413435294117647 0.06484374999999998 0.16960000000000003
56 0.15410156249999998 0.7846352941176471 0.236734375 0.3677176470588235
56 0.40770312499999994 0.3028235294117647 0.03134374999999995 0.12296470588235292
56 0.9209687499999999 0.4031882352941176 0.07390624999999995 0.1731058823529411
56 0.446203125 0.2565647058823529 0.017562500000000036 0.07421176470588237
58 0.922421875 0.23290588235294118 0.055343750000000025 0.07112941176470589
60 0.6609296874999999 0.38077647058823527 0.06317187499999999 0.11562352941176468
26 0.4692890625 0.6631529411764706 0.05051562500000001 0.17529411764705882
26 0.8148671875 0.9067176470588235 0.110328125 0.18656470588235297
40 0.6964921875 0.5535294117647058 0.019953125000000016 0.05689411764705887
40 0.11207031250000002 0.35610588235294116 0.015953125000000012 0.03188235294117647
40 0.8252734375 0.5169764705882353 0.020140625000000023 0.05437647058823525
41 0.6720390624999999 0.3481882352941176 0.011421875000000026 0.01896470588235294
41 0.6426796875 0.37343529411764703 0.014703125000000039 0.019670588235294106
41 0.776109375 0.591364705882353 0.026562500000000044 0.06790588235294115
56 0.28509375 0.3855764705882353 0.04643750000000002 0.1279529411764706
56 0.2037890625 0.5020823529411765 0.08029687499999999 0.22990588235294124
56 0.8148437499999999 0.3119764705882353 0.0360625 0.07068235294117647
60 0.9623203124999999 0.3492352941176471 0.04679687500000007 0.02632941176470588
60 0.368765625 0.2715529411764706 0.022031250000000002 0.028941176470588248
60 0.00996875 0.6610941176470588 0.0199375 0.0831764705882353
60 0.148234375 0.25127058823529413 0.06153124999999998 0.07411764705882351
60 0.22982031249999996 0.3201529411764706 0.047484374999999995 0.07263529411764702
60 0.30475 0.2495294117647059 0.01853125 0.039576470588235324
0 0.7078984374999999 0.41477647058823525 0.09932812499999999 0.1900705882352941
56 0.6260703125 0.3120352941176471 0.029328124999999927 0.059082352941176475
58 0.5758593750000001 0.2042 0.04149999999999998 0.07677647058823528
62 0.7597890625 0.1441529411764706 0.15695312500000003 0.2103764705882353
41 0.68675 0.5345294117647059 0.013875000000000082 0.041105882352941214
41 0.7048203125 0.5628941176470589 0.021234374999999917 0.027764705882352914
56 0.3765625 0.3070588235294117 0.753125 0.1764705882352941
0 0.49921875 0.37764705882352945 0.9984375 0.43529411764705883
