40 0.69109375 0.23838028169014086 0.15396875 0.4387793427230047
40 0.8071171875 0.1216549295774648 0.09432812499999998 0.2326056338028169
41 0.8686328125 0.49090375586854457 0.20523437500000008 0.26739436619718304
42 0.0787109375 0.668650234741784 0.157421875 0.42321596244131465
43 0.6933046875 0.6853990610328639 0.1720156249999999 0.4853990610328638
44 0.8428749999999999 0.3011267605633803 0.09721874999999991 0.04943661971830987
54 0.2512890625 0.7456924882629108 0.236328125 0.22922535211267614
60 0.5 0.5 1.0 1.0
41 0.4938828125 0.06524647887323944 0.09895312499999998 0.13049295774647887
41 0.0544296875 0.12338028169014084 0.085171875 0.12985915492957745
41 0.32634375000000004 0.03240610328638498 0.061906249999999996 0.06481220657276995
41 0.0158515625 0.216443661971831 0.027296874999999998 0.19711267605633803
44 0.23527343750000002 0.41583333333333333 0.06189062499999998 0.03312206572769949
55 0.43828124999999996 0.41960093896713613 0.13184374999999998 0.10380281690140847
39 0.2123828125 0.11491784037558685 0.09945312499999998 0.2298356807511737
42 0.84440625 0.30907276995305166 0.10831249999999992 0.05171361502347416
41 0.5155000000000001 0.32475352112676054 0.1314687499999999 0.23931924882629105
