16 0.44515625000000003 0.5198050139275767 0.08512500000000006 0.11576601671309195
3 0.47080468750000004 0.7168523676880223 0.379421875 0.5438440111420615
0 0.45984375 0.4255849582172702 0.31178124999999995 0.5349025069637884
10 0.9369375 0.4974791086350975 0.051281250000000056 0.15729805013927572
13 0.7632421875 0.376183844011142 0.08889062499999989 0.05409470752089135
13 0.6250390625 0.35396935933147633 0.0814531249999999 0.05094707520891362
13 0.92671875 0.36529247910863505 0.059249999999999914 0.03520891364902501
0 0.1744296875 0.5550139275766017 0.228015625 0.8899721448467967
13 0.6531953125000001 0.36249303621169915 0.05067187500000003 0.023481894150417792
24 0.511015625 0.39310584958217265 0.10062499999999991 0.14988857938718664
