32 0.8293359375 0.38088235294117645 0.07876562499999995 0.12454117647058821
2 0.15375 0.17683529411764703 0.15862500000000002 0.09847058823529412
0 0.21088281250000002 0.5168941176470588 0.42176562500000003 0.768
0 0.055234375 0.3791294117647058 0.11046875 0.6048941176470588
0 0.775484375 0.5628588235294117 0.2555312500000001 0.8434117647058823
0 0.2467578125 0.19011764705882353 0.037203125000000004 0.10301176470588236
2 0.24728906250000002 0.16051764705882354 0.078765625 0.09044705882352941
0 0.8555234375 0.6634470588235295 0.06545312499999989 0.11908235294117653
2 0.059835937500000005 0.14456470588235296 0.056078125000000006 0.06282352941176472
0 0.3889453125 0.6277764705882354 0.24320312499999996 0.5973882352941177
