39 0.4505234375 0.5517294117647059 0.00823437499999996 0.04788235294117649
56 0.7973828125 0.5913882352941177 0.09032812499999998 0.04752941176470582
60 0.30078125 0.8223529411764706 0.5953124999999999 0.33176470588235296
56 0.5740390625 0.5558705882352941 0.07179687499999998 0.04345882352941177
56 0.4902890625 0.5431058823529412 0.06842187499999997 0.04701176470588231
56 0.415015625 0.5334705882352941 0.06578125000000007 0.0407294117647059
56 0.6716328125000001 0.567435294117647 0.08414062500000008 0.04978823529411758
72 0.010453125000000002 0.6129294117647058 0.017906250000000002 0.5325882352941176
44 0.13982031250000002 0.6997882352941176 0.07345312500000001 0.04122352941176466
46 0.290671875 0.5386588235294119 0.012875000000000025 0.018258823529411772
68 0.14115625 0.49548235294117643 0.10028125 0.05096470588235291
70 0.055648437499999995 0.5445764705882352 0.054640625 0.052917647058823625
71 0.451359375 0.5941882352941177 0.14656249999999998 0.04517647058823526
49 0.3196171875 0.541164705882353 0.010953125000000008 0.014282352941176524
49 0.300125 0.5417647058823529 0.011656249999999979 0.016094117647058925
56 0.9800234375 0.6329882352941176 0.039953125000000034 0.06456470588235297
58 0.601015625 0.4612470588235294 0.03428124999999993 0.1710117647058823
39 0.474078125 0.5499176470588234 0.014062500000000033 0.06054117647058821
43 0.24509375 0.49807058823529415 0.005312499999999998 0.031152941176470605
43 0.2568359375 0.4990588235294118 0.005359375000000055 0.028988235294117592
58 0.7844687499999999 0.44387058823529413 0.03859374999999998 0.13089411764705883
58 0.8698671875 0.5698000000000001 0.03445312499999997 0.05432941176470585
49 0.31290625000000005 0.5467058823529412 0.01265624999999998 0.008470588235294119
39 0.0963125 0.5420470588235293 0.015781249999999983 0.04832941176470584
58 0.8494062500000001 0.5428470588235295 0.05206250000000001 0.08192941176470592
58 0.817109375 0.47243529411764706 0.04628124999999994 0.20030588235294117
