0 0.44470394736842106 0.49774999999999997 0.3280043859649123 0.57303125
0 0.6321491228070175 0.5048984375 0.18381578947368415 0.511859375
24 0.4319956140350877 0.44767187499999994 0.19219298245614036 0.2836562499999999
2 0.32288377192982454 0.315703125 0.06984649122807013 0.024593750000000025
2 0.2739364035087719 0.3161953125 0.06471491228070173 0.027859374999999964
2 0.5354057017543861 0.31096875 0.06212719298245617 0.03131250000000002
1 0.03421052631578947 0.3774609375 0.05828947368421052 0.08657812499999995
1 0.045427631578947365 0.34803125 0.09085526315789473 0.11093750000000002
1 0.10890350877192982 0.36778125 0.07271929824561404 0.0643125
1 0.14368421052631578 0.36096093749999997 0.053640350877192974 0.07442187499999997
1 0.16900219298245614 0.3595 0.07054824561403511 0.08362499999999995
1 0.24276315789473685 0.35239062499999996 0.0764035087719298 0.080625
1 0.29156798245614035 0.36110937499999995 0.038355263157894726 0.06709375000000001
1 0.015263157894736841 0.39196093749999994 0.030526315789473683 0.060046875
9 0.780109649122807 0.247984375 0.01820175438596494 0.02812500000000001
1 0.31285087719298244 0.35380468750000005 0.04407894736842105 0.07679687500000004
1 0.1994956140350877 0.36110937499999995 0.05267543859649121 0.06518750000000001
2 0.2712280701754386 0.303984375 0.058157894736842075 0.017687499999999967
2 0.7067434210526317 0.340703125 0.13646929824561416 0.09393750000000001
2 0.7710964912280701 0.34499218749999994 0.08017543859649123 0.059109374999999964
28 0.2678837719298246 0.6979140625 0.2626973684210527 0.3395468749999999
0 0.8208881578947368 0.31888281249999995 0.04822368421052636 0.07170312499999998
0 0.5440131578947368 0.327921875 0.029078947368420982 0.057499999999999996
