56 0.9210294117647058 0.2763235294117647 0.15565359477124174 0.18830065359477122
56 0.8893872549019608 0.10216503267973856 0.13165032679738553 0.0729248366013072
53 0.46067810457516345 0.6606699346405229 0.5168464052287582 0.4179738562091503
60 0.9070016339869281 0.1813480392156863 0.18599673202614375 0.12272875816993466
60 0.6177205882352942 0.9394607843137255 0.7556045751633987 0.12107843137254903
56 0.2525326797385621 0.45125000000000004 0.0727450980392157 0.09952614379084967
56 0.8172549019607842 0.31405228758169934 0.10627450980392161 0.0780065359477124
0 0.8906372549019608 0.05472222222222223 0.1957516339869282 0.10944444444444446
0 0.5038970588235294 0.4940114379084967 0.9922058823529412 0.9792320261437909
0 0.22612745098039216 0.37468954248366015 0.19359477124183003 0.3848039215686274
