0 0.672421875 0.81259375 0.037124999999999964 0.18452083333333336
0 0.5275234375 0.8354166666666667 0.025765625000000014 0.11220833333333335
0 0.2134140625 0.8376041666666667 0.017453124999999986 0.05900000000000005
0 0.18832812499999999 0.845 0.004812499999999997 0.022958333333333303
0 0.8425781250000001 0.83253125 0.025531250000000005 0.06685416666666666
33 0.6596953125 0.365375 0.15335937499999996 0.3315416666666666
33 0.29334375 0.22447916666666667 0.045812500000000034 0.037666666666666654
33 0.60590625 0.032239583333333335 0.03734375000000001 0.026895833333333334
33 0.8680468750000001 0.5904166666666667 0.1634062500000001 0.22125
33 0.08216406250000001 0.6570416666666667 0.156734375 0.43820833333333337
33 0.2629765625 0.6468854166666667 0.152390625 0.4182708333333333
0 0.5592812500000001 0.8329270833333333 0.012968749999999973 0.05427083333333338
0 0.7517031249999999 0.8298645833333333 0.013375000000000026 0.033770833333333306
0 0.8680859375000001 0.83584375 0.023734375000000085 0.041145833333333326
33 0.4214765625 0.79240625 0.049765625000000036 0.10872916666666677
33 0.43534375000000003 0.5441562499999999 0.021312500000000012 0.016729166666666573
0 0.6092187499999999 0.8312708333333334 0.01243749999999999 0.04516666666666669
0 0.7076953125000001 0.8329895833333333 0.008640624999999957 0.023187499999999917
0 0.5497500000000001 0.8362708333333333 0.012656250000000036 0.04370833333333335
0 0.23235156249999997 0.8376250000000001 0.016515624999999978 0.055041666666666655
