0 0.5273671875 0.8497395833333332 0.021484375 0.07072916666666662
0 0.48552343749999993 0.8979479166666666 0.015296875000000043 0.031312499999999965
0 0.47007031250000003 0.88815625 0.01714062500000002 0.05177083333333332
0 0.65603125 0.8684479166666667 0.042312499999999975 0.08706250000000004
0 0.8292734375 0.8358125 0.014765625000000115 0.04104166666666664
33 0.682234375 0.20929166666666665 0.2793437499999999 0.24291666666666667
0 0.46294531249999993 0.8861770833333333 0.011765624999999946 0.047395833333333304
0 0.9971874999999999 0.8456145833333333 0.004531249999999987 0.02864583333333326
0 0.9734140625 0.8406875 0.011484374999999991 0.026583333333333292
0 0.5060625 0.8730520833333333 0.020499999999999963 0.07556249999999998
0 0.4896484375 0.8885520833333334 0.014984374999999994 0.043187500000000045
