35 0.28896093749999996 0.46943749999999995 0.058671874999999984 0.08920833333333333
0 0.43858593749999997 0.5744479166666667 0.11864062499999994 0.2987708333333333
0 0.3183125 0.559 0.12090624999999999 0.33758333333333335
0 0.7314609375000001 0.5067395833333334 0.16179687499999995 0.6494375000000001
0 0.6526015625000001 0.16879166666666667 0.063453125 0.09679166666666668
0 0.8350781249999999 0.15158333333333335 0.1214687499999999 0.20220833333333335
0 0.5561796875 0.15168749999999998 0.09439062499999995 0.1415833333333333
0 0.9657578124999999 0.24884374999999997 0.06848437500000004 0.10768750000000002
0 0.647109375 0.06689583333333333 0.10899999999999999 0.13379166666666667
0 0.7429453124999998 0.0634375 0.09595312499999997 0.126875
0 0.7263125 0.1618541666666667 0.08209375000000008 0.07816666666666669
0 0.934828125 0.5990729166666666 0.10175000000000001 0.2256041666666666
32 0.10478124999999999 0.18833333333333332 0.03009374999999999 0.031208333333333338
56 0.415140625 0.6048645833333334 0.09003125000000001 0.23427083333333326
56 0.361359375 0.18615625000000002 0.0753125 0.03885416666666666
56 0.40816406250000004 0.23602083333333335 0.08510937500000004 0.04500000000000004
56 0.3230234375 0.14564583333333334 0.08192187500000003 0.038916666666666655
56 0.2515390625 0.06967708333333333 0.07182812499999996 0.04972916666666667
56 0.16502343749999998 0.10692708333333334 0.07523437499999999 0.04393750000000002
56 0.22652343749999998 0.1539375 0.06582812499999999 0.04583333333333334
56 0.4539140625 0.19072916666666667 0.087890625 0.05220833333333333
56 0.3764765625 0.10658333333333334 0.08110937499999993 0.055499999999999994
56 0.5450703125 0.27339583333333334 0.08598437500000011 0.0687916666666667
56 0.4966796875 0.22960416666666664 0.08342187499999998 0.04662499999999997
56 0.4567734375 0.27496875 0.082484375 0.04981249999999998
0 0.18665625 0.48901041666666667 0.248875 0.6591875
0 0.1005 0.504875 0.12778125 0.6059999999999999
56 0.5810078125 0.22587500000000002 0.07323437500000007 0.041166666666666685
0 0.7007812499999999 0.64375 0.20468750000000002 0.15833333333333333
56 0.475 0.4197916666666667 0.95 0.8395833333333333
