2 0.47908 0.6442319277108434 0.14136000000000004 0.20430722891566266
5 0.73945 0.4941716867469879 0.2360199999999999 0.2749096385542168
5 0.3568 0.3999548192771084 0.032920000000000005 0.07039156626506027
0 0.04059 0.5062650602409637 0.029500000000000002 0.10506024096385536
0 0.15449000000000002 0.46906626506024096 0.010020000000000001 0.0556626506024096
0 0.22499999999999998 0.49 0.027360000000000023 0.08626506024096381
0 0.25563 0.48783132530120477 0.01534000000000002 0.08234939759036147
0 0.6248 0.4777259036144579 0.012920000000000043 0.06057228915662649
0 0.56219 0.4587349397590362 0.01197999999999999 0.057951807228915686
2 0.42379999999999995 0.4288102409638554 0.02579999999999999 0.03454819277108434
5 0.47522000000000003 0.41573795180722894 0.05008000000000001 0.0885240963855422
9 0.43391 0.39683734939759036 0.021100000000000008 0.03771084337349395
13 0.9136500000000001 0.6103614457831326 0.04382000000000008 0.023855421686746925
0 0.60273 0.46637048192771086 0.010460000000000025 0.054066265060240926
0 0.13329000000000002 0.4902861445783132 0.014020000000000005 0.07593373493975908
0 0.76837 0.5181024096385541 0.024739999999999984 0.0314457831325301
9 0.13336 0.3877861445783133 0.011919999999999986 0.03653614457831322
0 0.16542 0.4770331325301205 0.016839999999999994 0.06159638554216862
