39 0.45126562500000006 0.6395058823529411 0.027812500000000018 0.13863529411764708
57 0.10491406249999999 0.8416941176470588 0.20982812499999998 0.31661176470588237
0 0.26553906250000003 0.5537764705882353 0.153078125 0.3757411764705883
40 0.4046015625 0.5569058823529411 0.03795312500000003 0.06044705882352941
45 0.3695 0.6587999999999999 0.05878125000000001 0.03632941176470594
65 0.2057734375 0.5825647058823529 0.02167187499999998 0.012752941176470522
57 0.18553906250000002 0.4888941176470588 0.09417187499999999 0.12616470588235296
73 0.5249140625 0.6204117647058823 0.11870312499999991 0.03225882352941167
73 0.7686484375 0.5158823529411765 0.05073437499999989 0.014023529411764657
0 0.7751484375 0.39734117647058825 0.047046875000000044 0.15218823529411762
62 0.865875 0.3834823529411765 0.26378124999999986 0.3151058823529412
65 0.40821875 0.7141176470588235 0.047218749999999976 0.039388235294117724
65 0.3170703125 0.6856117647058824 0.052390625000000024 0.04505882352941171
73 0.7214375 0.6724823529411765 0.0441562499999999 0.021105882352941197
0 0.13743750000000002 0.6473882352941176 0.27225000000000005 0.7052235294117647
