18 0.9127708333333333 0.6231093750000001 0.07687500000000003 0.10009374999999998
18 0.8504270833333334 0.602484375 0.0686458333333333 0.09675
0 0.3532395833333334 0.5168828125 0.05314583333333328 0.09104687499999997
0 0.31059375 0.5182031250000001 0.03527083333333336 0.0929375
0 0.324375 0.4685390625 0.018708333333333327 0.034953124999999974
0 0.28409375 0.4683515625 0.023354166666666676 0.03529687499999995
0 0.31085416666666665 0.461 0.010083333333333333 0.022249999999999992
0 0.3441979166666667 0.465046875 0.017104166666666698 0.02606249999999999
0 0.38135416666666666 0.4793515625 0.011375000000000024 0.017046875000000017
0 0.30032291666666666 0.467609375 0.015645833333333303 0.03209375000000003
0 0.3579479166666667 0.4655859375 0.011687500000000017 0.010359375000000004
0 0.33375 0.47771093750000004 0.012333333333333307 0.02401562500000004
0 0.36794791666666665 0.477203125 0.012937500000000046 0.01634374999999999
0 0.2907395833333333 0.5146875 0.01439583333333333 0.024843750000000053
24 0.34491666666666665 0.49824218750000004 0.02820833333333328 0.029703124999999997
24 0.28341666666666665 0.49303906250000007 0.013000000000000012 0.01664062500000002
24 0.30978125 0.495921875 0.027604166666666707 0.03271875000000002
