36 0.619875 0.6879411764705883 0.10068749999999993 0.062282352941176566
24 0.4648984375 0.708164705882353 0.04935937499999998 0.07294117647058829
0 0.63940625 0.5511058823529411 0.13812500000000005 0.2708235294117647
0 0.745765625 0.5852235294117647 0.0412499999999999 0.16470588235294126
0 0.425140625 0.6378941176470587 0.08503125 0.20087058823529402
0 0.9328749999999999 0.5649058823529411 0.06325000000000003 0.24764705882352944
0 0.8442734375000001 0.5833529411764706 0.03145312499999997 0.2000705882352941
0 0.562265625 0.5985176470588235 0.052000000000000046 0.20611764705882352
0 0.817765625 0.5926941176470588 0.044781249999999995 0.23145882352941183
24 0.0948671875 0.7259176470588236 0.052015624999999996 0.06684705882352948
36 0.7937578125 0.6892705882352941 0.03073437500000009 0.021647058823529353
36 0.909515625 0.6768000000000001 0.01709375000000013 0.019576470588235306
36 0.9418671875 0.6906470588235294 0.04414062499999993 0.021435294117647108
36 0.31801562499999997 0.7290000000000001 0.0536875 0.026658823529411735
36 0.8480624999999999 0.6804588235294118 0.04834375000000002 0.011317647058823543
24 0.781953125 0.6649529411764705 0.051593750000000105 0.053058823529411714
