39 0.377671875 0.6424824355971896 0.10121875000000008 0.17030444964871194
60 0.499265625 0.5404449648711943 0.99253125 0.8876346604215456
0 0.20165625 0.13189695550351288 0.3943125 0.24721311475409835
0 0.7496484375 0.06030444964871194 0.3928281250000001 0.11236533957845432
41 0.47860156249999997 0.8152810304449649 0.09198437499999995 0.14105386416861831
41 0.385953125 0.890023419203747 0.08975 0.13002341920374705
41 0.42939062499999997 0.477096018735363 0.08912500000000001 0.14585480093676811
41 0.7933671875 0.5730679156908665 0.103421875 0.14177985948477756
42 0.3294375 0.23201405152224824 0.044343750000000015 0.12519906323185012
44 0.6103671875000001 0.32546838407494144 0.06551562500000008 0.2931381733021078
44 0.8402421874999999 0.8577985948477751 0.08667187500000006 0.2844028103044497
45 0.59821875 0.45211943793911014 0.24887499999999996 0.36180327868852463
42 0.8241875000000001 0.06284543325526931 0.042625000000000024 0.11679156908665105
42 0.5804687500000001 0.34045667447306793 0.04771875000000003 0.23501170960187356
44 0.08540624999999999 0.23360655737704916 0.17081249999999998 0.03161592505854802
48 0.040296874999999996 0.38495316159250587 0.07903125 0.18634660421545668
39 0.5341953125000001 0.7675058548009368 0.064359375 0.10700234192037461
