7 0.5067578125 0.5776953125000001 0.9621718749999999 0.6711718750000002
0 0.1052421875 0.4223307291666667 0.07432812500000001 0.21419270833333331
0 0.977171875 0.7245572916666667 0.03762500000000013 0.16473958333333338
0 0.9400546875 0.7294140625 0.03164062500000009 0.14059895833333336
0 0.90484375 0.7083333333333334 0.023218750000000066 0.08776041666666679
0 0.9255234375000001 0.6715234375000001 0.022578125000000004 0.04169270833333327
0 0.9135 0.648671875 0.015968750000000087 0.028854166666666736
0 0.2254140625 0.34345052083333333 0.041265625 0.03513020833333336
0 0.927359375 0.6434505208333333 0.011093750000000013 0.02320312499999999
0 0.9467578124999999 0.6538411458333333 0.02392187499999987 0.06736979166666668
0 0.5043124999999999 0.5446614583333333 0.033218749999999964 0.10447916666666668
0 0.5779296875 0.5595703125 0.02423437499999992 0.05356770833333324
