39 0.8077890624999999 0.7269633507853404 0.28770312499999984 0.5460732984293193
67 0.4668203125 0.870349040139616 0.255453125 0.10321116928446772
0 0.20924218749999998 0.4083071553228621 0.410421875 0.777521815008726
0 0.7776093749999999 0.4330191972076789 0.4205 0.6337172774869111
41 0.9238828125 0.6595636998254799 0.10373437499999993 0.1399999999999999
41 0.58328125 0.6941797556719023 0.1419687500000001 0.2458464223385689
42 0.043875 0.8488743455497382 0.08775 0.158411867364747
60 0.3541015625 0.8528097731239093 0.708203125 0.29438045375218147
60 0.9596953125000001 0.8483158813263525 0.06439062500000015 0.2808900523560207
2 0.5036640625 0.42849040139616057 0.054140625 0.047207678883071535
2 0.56 0.43130017452006975 0.055781250000000004 0.03841186736474694
26 0.42014062500000005 0.7852006980802793 0.22859374999999998 0.08656195462478189
