8 0.13179687499999998 0.7373882352941177 0.199125 0.16832941176470584
8 0.7838828124999999 0.7352823529411765 0.08123437499999986 0.03621176470588239
8 0.5760234375 0.7113882352941178 0.03879687499999995 0.03821176470588239
8 0.4536171875 0.7494588235294117 0.217578125 0.17322352941176478
2 0.8853437499999999 0.6450705882352941 0.03534375000000001 0.023835294117647066
2 0.592546875 0.6558117647058823 0.049687499999999996 0.03247058823529414
2 0.8190703125000001 0.6404823529411765 0.0426406250000001 0.02774117647058838
2 0.710703125 0.6434235294117647 0.05046875000000006 0.024447058823529377
2 0.682828125 0.6400823529411764 0.03865625000000006 0.02270588235294113
2 0.6462890625 0.6396588235294117 0.04407812499999997 0.024305882352941177
2 0.6171718749999999 0.6357411764705883 0.03578124999999999 0.025647058823529356
2 0.42859375 0.6455764705882352 0.02959375000000003 0.022258823529411775
2 0.703265625 0.6542470588235294 0.023187499999999917 0.03211764705882347
2 0.7623125 0.6422470588235294 0.03628125000000004 0.0252941176470588
