2 0.7231171875 0.8544270833333334 0.22682812499999994 0.16122916666666665
24 0.617859375 0.8385104166666667 0.007749999999999924 0.04222916666666654
26 0.5508593749999999 0.8452916666666668 0.030343750000000003 0.11154166666666676
26 0.7769375000000001 0.8949479166666666 0.024218750000000067 0.054895833333333366
0 0.4725390625 0.6775104166666666 0.46076562500000007 0.6255624999999999
0 0.7480781249999999 0.8388333333333333 0.06309375000000006 0.16237500000000005
0 0.23341406249999996 0.86871875 0.06454687499999998 0.20639583333333333
0 0.1584296875 0.8584270833333333 0.080890625 0.2381875
0 0.8138828124999999 0.7842083333333334 0.04460937499999995 0.08387500000000003
0 0.49499218750000007 0.8902812499999999 0.04510937500000006 0.11752083333333319
0 0.4542890625 0.8836145833333333 0.05198437499999997 0.13922916666666663
0 0.48409375 0.8134583333333334 0.02525000000000005 0.0807916666666667
0 0.600671875 0.85359375 0.04093750000000007 0.17443750000000002
0 0.8901875 0.8197708333333333 0.05471874999999993 0.18437499999999996
0 0.7873671875 0.78059375 0.04520312500000001 0.0822708333333334
0 0.53334375 0.8528541666666667 0.05253125000000003 0.18729166666666675
2 0.9071875 0.8385625000000001 0.18562499999999993 0.14912500000000006
2 0.43085937499999993 0.8712708333333334 0.10953124999999991 0.14254166666666668
35 0.6488984375 0.5199791666666667 0.11223437499999989 0.11200000000000004
0 0.5067109375000001 0.81915625 0.018703125000000098 0.07260416666666669
26 0.128625 0.9269479166666666 0.03328125000000001 0.07756249999999998
0 0.4921875 0.8697916666666667 0.984375 0.25625
