9 0.7713513513513514 0.23759999999999998 0.11837837837837828 0.22748
24 0.6598648648648648 0.35056000000000004 0.10867867867867864 0.07628000000000001
26 0.4522672672672673 0.26713 0.04135135135135137 0.09577999999999995
26 0.08750750750750752 0.62279 0.10270270270270272 0.11682000000000003
26 0.6653603603603604 0.47147000000000006 0.08093093093093084 0.07861999999999997
26 0.6985135135135137 0.46367 0.04237237237237246 0.050899999999999945
26 0.4263513513513514 0.29094 0.028738738738738723 0.08643999999999996
0 0.545105105105105 0.62548 0.18360360360360362 0.3234
26 0.9345645645645646 0.50566 0.055315315315315416 0.03016000000000002
41 0.5190990990990991 0.66462 0.03435435435435441 0.02076
0 0.3509159159159159 0.60457 0.1912012012012012 0.29462
0 0.2682582582582583 0.29887 0.13159159159159162 0.2561800000000001
0 0.09309309309309309 0.66781 0.1831231231231231 0.31686000000000003
0 0.49457957957957954 0.17324 0.05138138138138143 0.0756
0 0.4645795795795795 0.28811000000000003 0.09426426426426415 0.22646000000000002
0 0.7029579579579579 0.6359299999999999 0.16663663663663664 0.16726000000000008
0 0.6497897897897897 0.48127 0.09039039039039032 0.18161999999999995
0 0.08342342342342343 0.8790100000000001 0.16684684684684686 0.24197999999999997
0 0.15794294294294298 0.4405899999999999 0.1746846846846847 0.2549399999999999
0 0.3252552552552552 0.90213 0.171051051051051 0.19574000000000003
0 0.9445495495495495 0.42033 0.11090090090090088 0.17462
26 0.23346846846846847 0.94154 0.05948948948948948 0.10132000000000008
0 0.5284084084084084 0.73915 0.3087687687687688 0.33929999999999993
0 0.4984984984984985 0.543 0.996996996996997 0.91
