19 0.6366042154566744 0.5157734375 0.7252459016393443 0.44301562499999997
39 0.1742271662763466 0.3436796875 0.02592505854800939 0.043921875
39 0.7360421545667448 0.364234375 0.014004683840749377 0.02212499999999995
0 0.5141686182669789 0.2744296875 0.10735362997658088 0.092140625
0 0.5889461358313817 0.2727109375 0.030070257611241158 0.079765625
0 0.656311475409836 0.27959375 0.04629976580796247 0.10309375000000004
0 0.2887939110070258 0.3267265625 0.1198360655737705 0.24739062499999998
0 0.49201405152224825 0.2316171875 0.039999999999999925 0.06010937499999999
0 0.6338524590163935 0.2732265625 0.04067915690866508 0.09823437500000004
0 0.5687236533957846 0.26734375 0.03430913348946141 0.07396875
