14 0.8963749999999999 0.5739583333333333 0.015281249999999913 0.03275000000000006
14 0.8814843750000001 0.9070833333333334 0.031000000000000028 0.04908333333333337
14 0.9341250000000001 0.9116249999999999 0.021031250000000057 0.03645833333333337
14 0.88546875 0.54959375 0.020718750000000008 0.026520833333333327
14 0.8346406249999999 0.5222916666666666 0.015249999999999986 0.023958333333333415
14 0.3401015625 0.48876041666666664 0.02379687499999994 0.019645833333333362
14 0.37405468750000004 0.48092708333333334 0.01879687499999999 0.016520833333333318
14 0.2797421875 0.50728125 0.015421874999999974 0.019270833333333348
23 0.365 0.8160833333333333 0.31515625 0.36783333333333335
23 0.3250546875 0.6540625000000001 0.6399531249999999 0.6681666666666668
23 0.277171875 0.3676666666666667 0.39531249999999996 0.600625
23 0.20309375 0.3573020833333333 0.39606249999999993 0.6966458333333333
23 0.855578125 0.7207291666666666 0.28884375000000007 0.20495833333333335
14 0.9766796875 0.5352395833333333 0.019796874999999936 0.02256250000000004
14 0.7898671875000001 0.52715625 0.007609375000000029 0.018020833333333375
14 0.774734375 0.5757708333333333 0.01331250000000006 0.027875000000000094
14 0.32623437499999997 0.5134895833333333 0.01953125 0.018604166666666644
14 0.678125 0.42083333333333334 0.440625 0.5125000000000001
