39 0.7405299999999999 0.47521400778210116 0.07422000000000006 0.2930739299610895
39 0.15176 0.6446887159533075 0.04979999999999998 0.2344357976653696
39 0.6482600000000001 0.10978599221789884 0.03083999999999998 0.1800389105058366
32 0.2801 0.7898832684824901 0.12127999999999997 0.25844357976653687
32 0.22748 0.5827042801556419 0.049319999999999975 0.10182879377431908
32 0.35722 0.29476653696498056 0.050439999999999985 0.0998832684824903
32 0.52144 0.8273346303501945 0.05236000000000002 0.09894941634241239
32 0.7303200000000001 0.25200389105058363 0.05291999999999997 0.10182879377431905
32 0.46133 0.4094163424124514 0.06973999999999997 0.13642023346303506
34 0.57868 0.9528015564202335 0.36268000000000006 0.0494163424124513
34 0.52154 0.6207976653696499 0.3446 0.665875486381323
35 0.24899000000000002 0.40180933852140077 0.1205 0.25147859922178983
35 0.8934099999999999 0.5937937743190661 0.19677999999999995 0.3170817120622568
0 0.10887 0.28712062256809334 0.12629999999999997 0.29766536964980544
39 0.356 0.536420233463035 0.02692 0.13354085603112842
39 0.6742900000000001 0.1227431906614786 0.030420000000000003 0.17015564202334627
