3 0.4527890625 0.5600351288056206 0.875578125 0.8741686182669789
3 0.1903515625 0.1955152224824356 0.379703125 0.3868149882903981
3 0.9363671874999999 0.07749414519906322 0.059453124999999996 0.1404215456674473
3 0.9057265625 0.05207259953161593 0.06542187499999996 0.0864871194379391
0 0.5452734375 0.2260070257611241 0.45626562500000006 0.44620608899297426
0 0.1794921875 0.2044847775175644 0.164453125 0.4048009367681499
0 0.815046875 0.15501170960187355 0.11865625000000002 0.30398126463700237
0 0.5913593749999999 0.14473067915690865 0.11781249999999999 0.2894613583138173
0 0.0663125 0.07857142857142858 0.132625 0.15269320843091336
0 0.49825 0.13224824355971895 0.08134374999999994 0.2644964871194379
0 0.05875 0.03613583138173302 0.055749999999999994 0.07227166276346604
26 0.972390625 0.24947306791569088 0.055218750000000094 0.18325526932084307
26 0.1326875 0.4519672131147541 0.1340625 0.14192037470725993
3 0.53646875 0.11240046838407494 0.07281249999999995 0.12423887587822013
0 0.95934375 0.15453161592505854 0.0813124999999999 0.30789227166276345
