62 0.086578125 0.5103194444444444 0.0889375 0.10002777777777777
39 0.1472734375 0.9220277777777777 0.036234374999999985 0.1460555555555555
39 0.17146093750000002 0.9145833333333334 0.028859374999999993 0.1601666666666668
39 0.1393984375 0.7755972222222223 0.02345312500000002 0.15147222222222234
0 0.6983984375000001 0.5092638888888888 0.30704687500000005 0.9597499999999999
44 0.6770390625 0.6334722222222222 0.104609375 0.08799999999999997
45 0.5173515625 0.946875 0.297359375 0.10624999999999996
0 0.4217421874999999 0.52425 0.4093593749999999 0.9515
40 0.724140625 0.79575 0.08537499999999998 0.21683333333333332
41 0.726515625 0.7743333333333334 0.09015624999999994 0.16988888888888898
41 0.7225625 0.8769583333333333 0.0754062499999999 0.04808333333333337
39 0.12779687500000003 0.9379027777777778 0.024062500000000014 0.12419444444444439
62 0.2214609375 0.4848472222222222 0.054109375000000015 0.08125000000000004
