0 0.5519609375000001 0.7426979166666667 0.190453125 0.4921458333333334
0 0.6852578125000001 0.7286458333333333 0.16648437500000002 0.5427083333333333
0 0.7968593749999999 0.6928124999999999 0.10246875 0.5051666666666665
0 0.23041406250000002 0.7619583333333333 0.164453125 0.4391666666666667
0 0.117171875 0.64453125 0.08231249999999998 0.23397916666666663
0 0.6246875 0.5309166666666667 0.03153125000000001 0.07504166666666667
0 0.6392421875000001 0.5286145833333333 0.017046875000000128 0.07102083333333331
24 0.18277343750000002 0.6662604166666667 0.038515625000000026 0.10518749999999999
0 0.3638203125 0.7578125 0.13010937499999997 0.47887499999999994
30 0.125 0.7604270833333333 0.09496874999999999 0.03164583333333326
30 0.7688593749999999 0.9276041666666668 0.07456249999999998 0.07825000000000004
0 0.06335937500000001 0.7346145833333333 0.028781250000000015 0.05756250000000007
0 0.0323984375 0.7165104166666666 0.039921874999999996 0.10847916666666668
24 0.0241875 0.7037395833333333 0.022343750000000006 0.04468749999999999
30 0.1912109375 0.9598645833333332 0.275734375 0.036812500000000026
30 0.6175937499999999 0.5645104166666667 0.018031250000000054 0.009229166666666622
30 0.63071875 0.5599270833333333 0.010218749999999943 0.010895833333333327
