0 0.3210078125 0.8385520833333333 0.09835937500000003 0.1760208333333333
0 0.06750781249999999 0.62234375 0.037890625 0.03727083333333325
13 0.4246015625 0.9098645833333333 0.3346406249999999 0.17489583333333325
33 0.19778125000000002 0.24916666666666668 0.030187500000000006 0.09162500000000001
33 0.6679531249999999 0.32375 0.03759374999999998 0.06608333333333338
33 0.649125 0.47411458333333334 0.06500000000000006 0.17772916666666672
33 0.11028125000000001 0.45223958333333336 0.04709375000000002 0.06793749999999993
33 0.09674218750000001 0.40990625 0.04720312500000001 0.04518749999999999
33 0.4706328125 0.226875 0.04807812499999997 0.08804166666666668
33 0.326921875 0.34299999999999997 0.036250000000000004 0.03779166666666667
33 0.629890625 0.11888541666666666 0.018031249999999943 0.016395833333333318
33 0.6945703125 0.2710208333333334 0.04342187499999994 0.03958333333333336
33 0.9588984375 0.3439375 0.03423437499999993 0.03899999999999998
7 0.9159609375 0.65371875 0.09320312500000005 0.056354166666666705
0 0.9691328125 0.6850104166666666 0.014953125000000012 0.05702083333333341
0 0.24090625000000002 0.8347083333333334 0.09296874999999999 0.3305416666666666
14 0.8723671874999999 0.5649270833333333 0.06214062499999995 0.09510416666666666
33 0.4838359375 0.38407291666666665 0.05985937499999999 0.10664583333333333
33 0.26078124999999996 0.5723333333333334 0.0648125 0.10750000000000004
0 0.48009375 0.6978854166666667 0.011656249999999979 0.02910416666666671
0 0.5239453125 0.6802291666666667 0.008296874999999981 0.01879166666666665
33 0.37890625 0.2552083333333333 0.46718750000000003 0.48125
