0 0.1959375 0.6463839285714286 0.25 0.6869345238095239
0 0.38171875 0.6345386904761905 0.17151785714285717 0.6322916666666667
0 0.5511272321428571 0.5988690476190476 0.18203124999999998 0.5910119047619047
0 0.8098325892857143 0.5550595238095238 0.19720982142857146 0.624702380952381
65 0.4253459821428571 0.6035119047619047 0.030647321428571406 0.023392857142857215
65 0.8385937499999999 0.47785714285714287 0.031696428571428514 0.02982142857142861
24 0.8768526785714286 0.9434672619047618 0.24629464285714275 0.1099702380952381
65 0.2371651785714286 0.6865327380952382 0.04919642857142861 0.03651785714285716
65 0.6095424107142857 0.9238541666666666 0.08689732142857143 0.04193452380952367
65 0.7249330357142858 0.8996577380952381 0.07633928571428561 0.04598214285714275
65 0.8324330357142857 0.8661755952380952 0.08651785714285709 0.045863095238095286
