9 0.21366406249999997 0.6047595190380762 0.04585937500000001 0.13749498997996001
9 0.266046875 0.5791783567134269 0.044281249999999994 0.13486973947895797
9 0.32465625 0.4394088176352705 0.055843750000000025 0.14583166332665326
9 0.20671874999999998 0.41390781563126255 0.045499999999999985 0.13418837675350698
9 0.24503906250000002 0.22747494989979958 0.044015625 0.11871743486973946
9 0.26168749999999996 0.3354709418837675 0.046406249999999954 0.1400801603206413
9 0.295234375 0.21018036072144292 0.03843750000000001 0.1336272545090181
9 0.4010625 0.17337675350701404 0.04618749999999994 0.12038076152304608
9 0.403109375 0.3041382765531062 0.036906249999999974 0.1360921843687375
9 0.3732109375 0.48352705410821645 0.04314062499999999 0.14060120240480967
9 0.411390625 0.6259519038076153 0.03965625000000006 0.13779559118236462
9 0.4743828125 0.5554709418837676 0.038765625000000026 0.14036072144288575
9 0.30310156250000003 0.3969138276553107 0.050953125000000044 0.1356713426853708
9 0.43828125 0.3997995991983968 0.5171875 0.6392785571142285
