2 0.505109375 0.4441979166666667 0.10012499999999996 0.0766041666666667
2 0.19521875 0.4261875 0.1005625 0.143625
2 0.94759375 0.465625 0.10481250000000009 0.04949999999999999
2 0.030734375 0.4367083333333333 0.06146875 0.058791666666666687
0 0.16934375 0.6269479166666666 0.1968125 0.5203958333333334
0 0.8167734375 0.6129375 0.17367187500000003 0.5858333333333332
0 0.315421875 0.43329166666666663 0.04343750000000002 0.1356666666666666
26 0.1643671875 0.54428125 0.06676562500000002 0.19052083333333336
0 0.7377265625 0.45762500000000006 0.01773437499999997 0.05604166666666671
0 0.7578750000000001 0.4531458333333333 0.017343750000000102 0.06508333333333338
7 0.19615625 0.4273541666666666 0.10040625000000003 0.14358333333333334
24 0.9362499999999998 0.7136041666666666 0.06999999999999995 0.07225000000000004
26 0.3194765625 0.3979479166666666 0.015078124999999998 0.02364583333333331
2 0.6843593749999999 0.45982291666666664 0.07590624999999995 0.04814583333333333
2 0.10846875 0.4365416666666667 0.07924999999999999 0.05304166666666671
24 0.8824453125 0.8781770833333333 0.1327656250000001 0.09572916666666664
2 0.3489375 0.44533333333333336 0.04937499999999995 0.051666666666666694
29 0.7929609375 0.6698854166666666 0.0344843749999999 0.07618749999999996
26 0.8978203124999999 0.8818020833333333 0.160390625 0.10264583333333333
