58 0.07723776223776224 0.8718671875 0.13433566433566435 0.11489062499999991
58 0.272004662004662 0.7551640625 0.23044289044289043 0.18532812500000007
2 0.8025407925407926 0.7170234375 0.16027972027972026 0.11260937500000001
2 0.8995687645687644 0.74934375 0.17778554778554778 0.11349999999999993
2 0.6754079254079255 0.710046875 0.01785547785547792 0.04568749999999999
2 0.9707808857808857 0.7895625 0.058438228438228434 0.16781250000000003
58 0.8048368298368298 0.8567109375 0.1017948717948719 0.04082812499999999
74 0.688986013986014 0.32621875 0.22361305361305361 0.13818750000000002
13 0.13512820512820514 0.837796875 0.18937062937062937 0.15709375000000003
2 0.6405594405594406 0.70515625 0.024895104895104825 0.03887499999999999
2 0.8628321678321678 0.668734375 0.022773892773892745 0.014281250000000023
