44 0.5839140625 0.2601408450704225 0.41526562499999997 0.5180281690140845
45 0.5 0.500669014084507 1.0 0.9932629107981221
41 0.9654843750000001 0.07544600938967136 0.06903124999999988 0.14413145539906103
49 0.42697656250000005 0.5426056338028169 0.42135937500000004 0.274225352112676
60 0.49884375 0.4955046948356807 0.9976875 0.9865023474178403
49 0.5117421875 0.9519014084507043 0.224203125 0.06046948356807513
51 0.7115625 0.514330985915493 0.07800000000000007 0.21354460093896716
51 0.5623359375000001 0.2575 0.08639062500000005 0.10964788732394368
51 0.2243125 0.30529342723004693 0.034781249999999986 0.21330985915492956
51 0.8394062499999999 0.22782863849765259 0.07478125000000002 0.09321596244131453
51 0.5966015625 0.350962441314554 0.04779687499999996 0.07178403755868545
51 0.356140625 0.283169014084507 0.07581250000000006 0.062018779342722985
51 0.26135156249999997 0.15379107981220658 0.07717187499999997 0.037957746478873206
51 0.0674296875 0.6805164319248826 0.041484375 0.1038967136150234
51 0.8881796875000001 0.5250117370892019 0.026921874999999984 0.09068075117370894
