74 0.2796533333333333 0.07388 0.13455999999999999 0.12376
0 0.5045066666666667 0.52703 0.9909866666666667 0.9211799999999999
73 0.8962666666666668 0.39160000000000006 0.023359999999999936 0.08688000000000001
73 0.8137866666666667 0.41135 0.015893333333333315 0.06897999999999999
73 0.7950000000000002 0.41849 0.023440000000000016 0.07030000000000003
73 0.83232 0.35338 0.10549333333333333 0.02035999999999999
73 0.8559733333333333 0.40573 0.032159999999999966 0.06989999999999996
73 0.7766933333333333 0.42141 0.02751999999999999 0.06662000000000001
73 0.7499066666666667 0.41989 0.024506666666666677 0.06310000000000004
73 0.8374533333333332 0.4 0.20674666666666652 0.10788000000000003
73 0.24194666666666667 0.84918 0.16730666666666666 0.10384000000000004
