39 0.3121015625 0.15447916666666667 0.101609375 0.283875
42 0.8618984375000001 0.7198229166666668 0.27479687499999994 0.24702083333333336
42 0.781578125 0.5625104166666666 0.43684375 0.2532708333333332
43 0.7717890625000001 0.5737291666666666 0.454359375 0.24337499999999995
41 0.5120546875 0.13041666666666668 0.12276562500000004 0.25783333333333336
41 0.157859375 0.21377083333333335 0.17696875 0.3995833333333334
41 0.7587734375 0.10275000000000001 0.05760937499999996 0.06258333333333334
41 0.8460703125 0.32359375 0.23595312499999999 0.3236041666666667
45 0.9657421875 0.2390729166666667 0.06851562500000008 0.1304375
48 0.7331953124999999 0.07675 0.13098437500000004 0.08808333333333335
60 0.5 0.49607291666666664 1.0 0.9865208333333333
0 0.3972890625 0.03729166666666666 0.12551562500000002 0.07458333333333332
