75 0.6963750000000001 0.5418574766355141 0.07818750000000008 0.19240654205607483
75 0.09549218749999999 0.33773364485981305 0.081484375 0.1941588785046729
75 0.2277265625 0.16424065420560746 0.068421875 0.1705373831775701
75 0.347296875 0.3976168224299066 0.060124999999999984 0.102196261682243
75 0.2249140625 0.5916822429906542 0.07032812499999999 0.11191588785046735
75 0.46768750000000003 0.5813434579439252 0.06103124999999998 0.1028271028037383
75 0.580484375 0.7757009345794392 0.06646875000000008 0.11682242990654201
75 0.347140625 0.7740420560747663 0.06387500000000002 0.11733644859813086
75 0.5755859375000001 0.3886799065420561 0.06589062500000009 0.09974299065420561
75 0.9510078124999999 0.5885864485981308 0.09557812499999985 0.1660514018691588
75 0.0978828125 0.814801401869159 0.07364062500000002 0.12203271028037388
75 0.8264140625 0.8226168224299066 0.08354687500000002 0.14070093457943922
75 0.64296875 0.2803738317757009 0.43593750000000003 0.25233644859813087
