58 0.8077265625 0.6955046948356807 0.17051562499999995 0.2404460093896713
58 0.9507109375 0.7206572769953051 0.09857812500000007 0.3423943661971831
58 0.37170312499999997 0.5033685446009389 0.12715624999999997 0.1977699530516432
58 0.1854765625 0.6073004694835681 0.06582812500000002 0.22023474178403757
58 0.12461718749999999 0.5941784037558686 0.07314062499999999 0.1121126760563379
58 0.0478671875 0.45355633802816897 0.053859375 0.15279342723004702
58 0.5538515625 0.4013849765258216 0.11485937500000004 0.31539906103286386
56 0.293984375 0.7020657276995305 0.1533125 0.31281690140845075
25 0.4173203125 0.11503521126760563 0.580359375 0.20899061032863847
60 0.4303046875 0.6074530516431925 0.332328125 0.1263145539906103
56 0.42159375000000004 0.7772769953051643 0.14809375000000002 0.31234741784037556
56 0.08951562499999999 0.8115023474178404 0.17021874999999997 0.25572769953051644
56 0.608203125 0.7162323943661972 0.20256249999999998 0.288474178403756
56 0.580859375 0.5855281690140846 0.10578124999999994 0.12673708920187787
56 0.2571328125 0.5300352112676057 0.11335937499999996 0.09434272300469482
56 0.1478203125 0.9441549295774647 0.24376562499999999 0.08051643192488267
56 0.576359375 0.9049530516431925 0.24440625000000005 0.1900938967136151
56 0.104484375 0.6979225352112676 0.18271875 0.1411032863849766
