25 0.27130398671096345 0.5139277108433735 0.15928571428571428 0.14236144578313248
0 0.5322009966777408 0.6446746987951806 0.5153986710963455 0.6373493975903614
0 0.39480066445182727 0.49238554216867464 0.23441860465116277 0.7069397590361445
0 0.8407475083056479 0.4819879518072289 0.3151827242524917 0.9549638554216867
29 0.3835880398671096 0.508867469879518 0.0821262458471761 0.17368674698795178
0 0.5525498338870432 0.2498313253012048 0.1205813953488371 0.16337349397590356
0 0.6862458471760798 0.3006867469879518 0.11820598006644523 0.1600722891566265
0 0.7665199335548172 0.29518072289156627 0.081843853820598 0.1452048192771084
0 0.9803488372093023 0.3799638554216867 0.03930232558139535 0.31501204819277107
0 0.958546511627907 0.6988795180722891 0.08290697674418601 0.3415662650602409
0 0.13966777408637873 0.47881927710843375 0.27215946843853817 0.9576385542168675
