62 0.762390625 0.5580444964871194 0.1514374999999999 0.1505620608899298
57 0.274765625 0.8279625292740047 0.54953125 0.322576112412178
56 0.110234375 0.6873653395784542 0.15131250000000002 0.22245901639344268
56 0.245359375 0.6161358313817331 0.06600000000000003 0.22149882903981266
56 0.07203125 0.5694145199063232 0.10287500000000002 0.11629976580796264
60 0.12421093750000001 0.7079274004683842 0.24842187500000001 0.2313114754098361
72 0.22114843750000002 0.5501873536299765 0.08845312500000002 0.17077283372365332
74 0.31840625 0.261440281030445 0.036468749999999994 0.058805620608899295
68 0.420046875 0.45943793911007025 0.05740624999999999 0.04627634660421548
71 0.3603984375 0.4680679156908665 0.06660937499999997 0.06199063231850116
43 0.5830781249999999 0.4669086651053864 0.007281250000000017 0.026088992974238834
43 0.578984375 0.4705269320843092 0.006937500000000041 0.018337236533957857
69 0.5048125 0.49720140515222483 0.09471875000000002 0.02845433255269325
69 0.45903906249999993 0.532271662763466 0.012921874999999972 0.01227166276346603
57 0.8533203125 0.8392740046838407 0.28370312499999994 0.32145199063231844
71 0.30594531249999996 0.48837236533957845 0.05442187499999995 0.026674473067915705
56 0.2383203125 0.6471545667447307 0.011859375000000005 0.03950819672131145
43 0.584796875 0.4656791569086651 0.008312499999999945 0.022599531615925095
