56 0.2970390625 0.46343529411764706 0.08282812499999997 0.16559999999999997
56 0.37728906250000005 0.4756941176470588 0.08951562500000004 0.17129411764705882
56 0.4554609375 0.4933529411764706 0.10814062499999999 0.18364705882352939
56 0.5964843750000001 0.5113647058823529 0.051031250000000083 0.09839999999999993
60 0.5051015624999999 0.4237294117647059 0.107015625 0.020729411764705885
60 0.33225 0.43622352941176473 0.06231249999999999 0.06030588235294121
1 0.60634375 0.6966 0.4716875 0.4484941176470589
1 0.9697265625 0.4726705882352941 0.060546875 0.0680235294117647
2 0.8575703125 0.38976470588235296 0.2339843749999999 0.20263529411764702
2 0.553921875 0.3454705882352941 0.16412500000000002 0.09362352941176472
2 0.47978906250000003 0.3326941176470588 0.071171875 0.0698588235294118
2 0.39626562500000007 0.3189294117647059 0.05446875000000001 0.049105882352941166
2 0.29256249999999995 0.3979058823529412 0.13665624999999998 0.25882352941176473
2 0.179546875 0.3015058823529412 0.17812499999999998 0.10978823529411763
0 0.64928125 0.4817529411764706 0.23131249999999992 0.6775764705882354
0 0.1604140625 0.5277176470588235 0.159671875 0.6741647058823529
0 0.42343749999999997 0.4212705882352942 0.07546874999999997 0.23934117647058822
0 0.3597890625 0.39089411764705884 0.057203124999999966 0.1573647058823529
0 0.5590625 0.3652941176470588 0.07265625000000009 0.11571764705882359
0 0.2788125 0.32721176470588237 0.05600000000000005 0.19357647058823527
0 0.3359375 0.3246941176470588 0.049375 0.07221176470588236
0 0.074328125 0.40889411764705885 0.05181249999999999 0.3044705882352941
0 0.022999999999999996 0.43761176470588237 0.0443125 0.25352941176470595
0 0.01915625 0.29581176470588233 0.038093749999999996 0.10056470588235297
0 0.32446093750000005 0.37021176470588235 0.04182812500000005 0.07680000000000003
0 0.050109375 0.4618 0.04290625 0.19564705882352945
2 0.042273437500000004 0.27036470588235295 0.084265625 0.07211764705882354
2 0.666984375 0.3 0.20443750000000005 0.11454117647058823
56 0.46478125000000003 0.43685882352941174 0.06081249999999999 0.08821176470588238
56 0.32729687500000004 0.3923764705882353 0.018687500000000024 0.030494117647058838
0 0.2714296875 0.3758941176470588 0.057453124999999994 0.12308235294117648
