2 0.1434140625 0.5408854166666667 0.07789062500000002 0.049520833333333236
2 0.2135703125 0.55015625 0.038515625 0.040729166666666705
7 0.3329609375 0.50225 0.531390625 0.5829583333333334
7 0.9097734375 0.43314583333333334 0.180453125 0.3430833333333334
0 0.09071875 0.5594791666666666 0.035750000000000004 0.08374999999999999
0 0.118578125 0.56296875 0.02471875000000001 0.06747916666666676
0 0.8372187499999999 0.5923437500000001 0.046374999999999944 0.19860416666666675
0 0.8736171874999998 0.6196041666666667 0.07720312499999993 0.24508333333333338
0 0.770515625 0.5589791666666666 0.037124999999999964 0.0954166666666666
0 0.9189375 0.61934375 0.05178125 0.21302083333333321
0 0.7356328125 0.5191354166666666 0.02248437499999989 0.04852083333333329
0 0.05443749999999999 0.56803125 0.030499999999999985 0.08906249999999993
0 0.7492890624999999 0.5466249999999999 0.013609375000000035 0.08104166666666657
0 0.7712578125 0.5054166666666666 0.011515624999999918 0.022083333333333344
0 0.7374140625000001 0.5704583333333333 0.013140625000000017 0.030458333333333365
7 0.6421328125000001 0.48820833333333336 0.19214062500000006 0.3730416666666667
2 0.07411718749999999 0.86940625 0.144703125 0.23293750000000002
0 0.8526953125000001 0.5146979166666666 0.012984374999999937 0.031020833333333275
