39 0.5668984375 0.32597417840375587 0.02523437499999992 0.053967136150234796
56 0.747578125 0.6469953051643194 0.2294687500000001 0.5224882629107982
57 0.15426562500000002 0.4356220657276995 0.30853125000000003 0.5107276995305164
60 0.483875 0.5537793427230047 0.48309375 0.5744600938967135
39 0.5458828125 0.28319248826291077 0.01742187499999992 0.07901408450704223
45 0.2643984375 0.4235211267605634 0.06829687500000003 0.08065727699530523
73 0.5068359375 0.41609154929577463 0.07229687499999993 0.059835680751173737
65 0.211484375 0.504800469483568 0.09537499999999999 0.029741784037558616
65 0.23507812499999997 0.47196009389671356 0.04618750000000002 0.031150234741784077
73 0.560921875 0.414037558685446 0.03159375000000009 0.03863849765258215
76 0.15264062500000003 0.5169014084507042 0.033812499999999995 0.029624413145539874
