4 0.19269531250000002 0.1804899777282851 0.37595312500000005 0.3609799554565702
0 0.199671875 0.5024944320712695 0.1581875 0.7695768374164811
0 0.39728906249999996 0.5067483296213808 0.21757812499999996 0.8157238307349666
0 0.55415625 0.5123608017817373 0.18446875000000001 0.7595545657015592
0 0.7697578125 0.4864922048997773 0.06667187500000005 0.27975501113585755
0 0.82096875 0.49383073496659247 0.09568749999999993 0.27759465478841877
0 0.8768671875 0.48791759465478846 0.032703124999999944 0.2022048997772829
25 0.91625 0.46015590200445433 0.043468750000000056 0.025879732739420958
25 0.22669531250000002 0.707316258351893 0.05226562499999998 0.3638084632516704
0 0.9789296875 0.48932071269487754 0.04214062500000004 0.1680400890868597
0 0.69134375 0.49993318485523386 0.03325 0.10868596881959913
0 0.7324765624999999 0.49301781737193767 0.029515624999999934 0.13169265033407573
0 0.8606874999999999 0.5468708240534521 0.05096875000000001 0.16755011135857462
0 0.6640390624999999 0.48769487750556795 0.032109374999999996 0.09988864142538972
0 0.6679140625 0.5211358574610245 0.024546874999999968 0.058084632516703816
0 0.7521640625 0.49203786191536747 0.02642187500000004 0.10291759465478845
