0 0.6870234375 0.42962500000000003 0.09792187500000005 0.24379166666666668
31 0.7011015624999999 0.5483541666666667 0.12873437499999996 0.021749999999999936
0 0.24319531250000004 0.35814583333333333 0.011796875000000012 0.04674999999999996
0 0.2518046875 0.36155208333333333 0.019234375000000026 0.04568750000000005
0 0.560640625 0.22742708333333334 0.011500000000000066 0.025270833333333326
0 0.57521875 0.21761458333333333 0.006937500000000041 0.014729166666666682
0 0.535875 0.21373958333333332 0.007125000000000048 0.015104166666666669
0 0.73921875 0.30928125000000006 0.005999999999999894 0.019145833333333362
0 0.10864062499999999 0.20172916666666663 0.007500000000000007 0.01704166666666665
31 0.6850859375 0.5639583333333333 0.117328125 0.015249999999999986
0 0.6400234375 0.08752083333333334 0.0028906250000000355 0.010333333333333333
0 0.0702890625 0.24310416666666668 0.01282812500000001 0.02275000000000002
0 0.064875 0.24310416666666668 0.008374999999999994 0.01879166666666665
0 0.1141953125 0.20195833333333332 0.006359375000000014 0.017958333333333354
0 0.0943515625 0.17145833333333332 0.0035156249999999944 0.013749999999999984
0 0.50625 0.13333333333333333 0.9375 0.23333333333333334
