0 0.7658828124999999 0.9517411764705883 0.07548437499999994 0.09651764705882349
0 0.439484375 0.9157294117647059 0.11593750000000003 0.16567058823529401
0 0.2313046875 0.9272235294117647 0.14973437499999998 0.12941176470588234
0 0.1515703125 0.2877764705882353 0.053859375 0.07103529411764709
0 0.112234375 0.47652941176470587 0.027031250000000007 0.04534117647058822
0 0.5909453124999999 0.45887058823529414 0.06267187500000004 0.17303529411764712
0 0.0910234375 0.26516470588235297 0.026859375000000005 0.03145882352941179
0 0.03821875 0.4050941176470588 0.03937500000000001 0.05541176470588238
37 0.6121328125 0.5504 0.08264062500000002 0.02112941176470584
37 0.8954765625000001 0.4272941176470588 0.08123437500000008 0.017035294117647093
37 0.1743125 0.33263529411764703 0.048687499999999995 0.045364705882352974
0 0.856390625 0.4168470588235294 0.11081249999999998 0.031482352941176406
37 0.038101562500000005 0.3864823529411765 0.011765625000000002 0.010705882352941176
0 0.6615625 0.2462941176470588 0.012624999999999997 0.02402352941176472
0 0.3604921875 0.27531764705882356 0.013796874999999986 0.025976470588235323
0 0.49210937500000007 0.25332941176470586 0.01743750000000005 0.02703529411764702
