39 0.7636796874999999 0.21695833333333334 0.1947343749999999 0.4313333333333333
39 0.0538359375 0.22759375 0.10648437499999999 0.4551875
48 0.6043984375 0.6269791666666666 0.47742187500000005 0.5101666666666667
43 0.7451015625 0.3245416666666667 0.27517187500000007 0.4610416666666667
44 0.3632265625 0.2858645833333333 0.223328125 0.31927083333333334
45 0.2089921875 0.5123541666666667 0.40785937499999997 0.36404166666666676
0 0.6630078125000001 0.05285416666666667 0.11317187500000003 0.10570833333333333
45 0.610296875 0.15308333333333335 0.16696875 0.13745833333333332
48 0.1580078125 0.22618749999999999 0.132921875 0.21520833333333333
48 0.30364843750000003 0.14414583333333333 0.185859375 0.07937500000000001
65 0.9279531249999999 0.12892708333333333 0.1028437499999999 0.049354166666666685
65 0.9246796874999998 0.17817708333333332 0.11254687499999994 0.07093750000000001
0 0.337328125 0.0846875 0.58909375 0.169375
60 0.90625 0.4973958333333333 0.1875 0.43229166666666663
