0 0.5353984375 0.4139755639097744 0.309265625 0.7978383458646616
0 0.70609375 0.4921428571428571 0.16065625000000006 0.7101127819548871
0 0.303296875 0.4391917293233083 0.2883125 0.6689097744360903
0 0.7721796875 0.5586466165413534 0.323609375 0.8827067669172932
0 0.37354687499999994 0.40072368421052634 0.16446875 0.644342105263158
45 0.3620078125 0.7883082706766917 0.22220312500000006 0.16921052631578948
24 0.57309375 0.3001503759398496 0.1862812499999999 0.21834586466165415
39 0.394265625 0.5267481203007519 0.04003124999999996 0.07443609022556391
44 0.37222656249999997 0.15999060150375938 0.018328124999999973 0.01983082706766917
67 0.328984375 0.585 0.06237499999999996 0.024548872180451098
55 0.35622656249999995 0.7570582706766917 0.16035937499999997 0.10701127819548872
55 0.597078125 0.2049248120300752 0.019718750000000007 0.01751879699248121
60 0.35732812500000005 0.849436090225564 0.70603125 0.27646616541353386
24 0.8841484374999999 0.5350657894736842 0.23101562499999995 0.4415601503759399
24 0.3339375 0.25225563909774434 0.06293750000000004 0.1356015037593985
24 0.74115625 0.3689567669172932 0.05784374999999997 0.14798872180451123
42 0.470265625 0.8687499999999999 0.03393750000000001 0.034229323308270554
