56 0.810109375 0.7657582938388626 0.23612499999999992 0.4481990521327015
56 0.46971874999999996 0.7618009478672986 0.192625 0.44943127962085305
56 0.5717421874999999 0.6821327014218009 0.1327656249999999 0.23118483412322277
56 0.863796875 0.6988625592417061 0.14559375000000008 0.19426540284360194
56 0.4036953125 0.5910545023696683 0.08257812500000006 0.24154028436018954
0 0.838265625 0.523803317535545 0.248375 0.4372274881516587
0 0.9141171874999999 0.326718009478673 0.07335937500000012 0.25936018957345974
0 0.3550234375 0.558649289099526 0.16026562500000002 0.3926066350710901
0 0.2241484375 0.6007464454976303 0.181859375 0.6537203791469194
65 0.15809374999999998 0.4929976303317536 0.0539375 0.03722748815165883
65 0.33296875000000004 0.44825829383886256 0.029125000000000012 0.04229857819905214
24 0.6660625 0.7141587677725119 0.07509374999999996 0.12661137440758286
39 0.8620859374999998 0.5211848341232227 0.024390625 0.04725118483412322
0 0.543765625 0.5480450236966825 0.21065625 0.5558530805687204
