3 0.893078125 0.6339542483660131 0.21384375 0.3306100217864924
0 0.66203125 0.554161220043573 0.12112499999999993 0.46540305010893246
0 0.75228125 0.5526361655773421 0.1265312500000001 0.3973420479302832
0 0.5478515625 0.47955337690631816 0.10685937499999998 0.3005010893246188
0 0.381234375 0.4283769063180828 0.08078124999999997 0.2657298474945535
0 0.844453125 0.3898692810457517 0.13893749999999994 0.25102396514161224
0 0.716328125 0.3895860566448801 0.06506250000000002 0.21555555555555556
0 0.8848828124999999 0.3684640522875817 0.09189062500000011 0.16041394335511977
0 0.075921875 0.6962309368191721 0.15184375 0.5225272331154684
25 0.5157265624999999 0.06643790849673203 0.6253281249999999 0.13257080610021788
45 0.55984375 0.9318409586056645 0.22878125 0.13631808278867097
46 0.267578125 0.24889978213507624 0.018781250000000027 0.06721132897603488
46 0.38092187499999997 0.7437581699346405 0.131125 0.09352941176470597
46 0.5413281249999999 0.6529738562091503 0.014531249999999996 0.01610021786492366
46 0.5972109375000001 0.6326688453159042 0.06667187500000005 0.05649237472766888
46 0.3256875 0.19831154684095864 0.06293749999999998 0.07718954248366014
46 0.212953125 0.1767211328976035 0.13699999999999996 0.11165577342047932
46 0.758765625 0.7638779956427015 0.10215624999999995 0.09673202614379073
46 0.6854687500000001 0.8113834422657953 0.07968750000000002 0.0606753812636166
46 0.7913984374999999 0.833322440087146 0.08220312499999993 0.060021786492374773
46 0.8392109374999999 0.8393028322440088 0.03926562499999997 0.028104575163398704
46 0.8659062500000001 0.820359477124183 0.017000000000000015 0.0327886710239651
46 0.9309140625000001 0.7957625272331155 0.12592187500000007 0.08830065359477124
0 0.3049140625 0.42262527233115466 0.12382812499999998 0.2117864923747277
3 0.9442578125 0.4062854030501089 0.01976562500000001 0.026557734204793015
0 0.13236718749999998 0.40660130718954246 0.067609375 0.12666666666666665
25 0.623984375 0.31031590413943355 0.13703125000000005 0.04747276688453156
46 0.280296875 0.7709694989106755 0.10178124999999999 0.12141612200435736
46 0.490625 0.4760348583877996 0.859375 0.934640522875817
