0 0.14113577023498694 0.12725 0.2799738903394256 0.2545
41 0.6982898172323759 0.21141406249999997 0.2843603133159268 0.17476562499999998
42 0.5094255874673629 0.9665703125 0.16485639686684078 0.06685937499999994
43 0.3445561357702349 0.055484375 0.31271540469973885 0.10859375000000002
45 0.8669712793733682 0.335078125 0.2660574412532637 0.16884375000000007
41 0.9280809399477807 0.1466328125 0.14383812010443853 0.215734375
41 0.8700130548302872 0.337203125 0.25997389033942553 0.17871875
60 0.5013054830287206 0.49291406249999997 0.9801044386422976 0.9858281249999999
41 0.06424281984334204 0.6113046875 0.12838120104438644 0.150671875
42 0.9079634464751958 0.9191874999999999 0.18407310704960833 0.16162500000000013
