0 0.44494791666666667 0.4932578125 0.8778958333333333 0.986515625
55 0.6731145833333334 0.8723046875 0.17227083333333326 0.22279687500000012
69 0.8445729166666667 0.7797734374999999 0.31085416666666665 0.41798437499999985
55 0.8094270833333332 0.5345703125000001 0.049979166666666686 0.03814062500000004
55 0.7850625 0.5772734374999999 0.053625000000000034 0.039515625000000054
55 0.8418333333333333 0.57821875 0.042166666666666686 0.03515625
55 0.8625520833333333 0.5928125000000001 0.04414583333333333 0.036687499999999984
55 0.8660520833333334 0.6455390625 0.04989583333333336 0.04464062499999999
55 0.8083125 0.6533359375 0.04516666666666669 0.03598437499999996
55 0.83546875 0.6307343750000001 0.04197916666666657 0.02662500000000001
55 0.7550520833333333 0.63909375 0.048562500000000064 0.042625000000000024
