62 0.81153125 0.42172535211267603 0.26684374999999994 0.33302816901408455
67 0.371109375 0.6931220657276995 0.06206250000000002 0.048544600938967175
63 0.571390625 0.5932511737089202 0.2602812500000001 0.2741549295774648
64 0.7971640625 0.7193427230046949 0.067453125 0.05619718309859156
66 0.698890625 0.8996948356807513 0.5174375 0.2006103286384976
66 0.5661640625 0.6703990610328638 0.212171875 0.04596244131455396
73 0.20826562499999998 0.23301643192488264 0.00809375000000001 0.13330985915492957
73 0.1932109375 0.4011737089201878 0.03639062500000001 0.133849765258216
73 0.19309375 0.40890845070422543 0.031906250000000025 0.14241784037558686
73 0.1966953125 0.2460680751173709 0.067296875 0.14607981220657276
73 0.2153828125 0.5809507042253521 0.03664062499999998 0.11096244131455402
73 0.2103828125 0.06626760563380282 0.00679687499999998 0.12859154929577465
73 0.1757578125 0.4224765258215962 0.03739062499999998 0.1438262910798122
64 0.9518984374999999 0.9330516431924882 0.09620312500000006 0.11802816901408453
73 0.174515625 0.5932159624413146 0.01200000000000001 0.1371361502347419
73 0.21779687499999997 0.39791079812206576 0.0078125 0.12521126760563378
