3 0.4635128805620609 0.629234375 0.6902107728337238 0.48759375000000005
3 0.4202810304449649 0.32882812499999997 0.2059016393442623 0.14415624999999999
0 0.5069086651053865 0.4224765625 0.5355503512880562 0.611234375
0 0.24756440281030448 0.26725 0.2728337236533958 0.5345
0 0.9001170960187354 0.3355078125 0.18843091334894613 0.369671875
0 0.09768149882903983 0.36759375 0.1863231850117096 0.5655625000000001
0 0.1349648711943794 0.069984375 0.14604215456674474 0.13809375
0 0.5769555035128806 0.095359375 0.3380796252927401 0.19071875
0 0.8901288056206089 0.18809375 0.21220140515222485 0.37303125000000004
0 0.35962529274004684 0.0586796875 0.07896955503512876 0.11267187499999999
3 0.40002341920374707 0.2581015625 0.19751756440281032 0.07810937500000001
0 0.3944847775175644 0.111265625 0.05749414519906326 0.14987499999999998
