32 0.7127812499999999 0.6851662049861496 0.03859374999999998 0.06002770083102493
0 0.3468203125 0.5810803324099723 0.26679687500000004 0.817562326869806
0 0.53490625 0.40541551246537394 0.10346875 0.44373961218836555
0 0.6106406249999999 0.36781163434903047 0.04193749999999996 0.1936842105263158
0 0.77240625 0.7398753462603879 0.35825000000000007 0.49099722991689765
34 0.14946874999999998 0.32134349030470916 0.20656249999999998 0.13343490304709138
0 0.987625 0.28753462603878116 0.022812500000000124 0.11922437673130193
0 0.4421562499999999 0.5760941828254849 0.11778124999999989 0.554016620498615
0 0.9696328125 0.6516759002770083 0.06073437500000001 0.6741551246537396
0 0.6292109375 0.3645567867036011 0.013484374999999993 0.08789473684210525
0 0.7317421874999999 0.3690027700831025 0.038609374999999946 0.19462603878116347
35 0.7411640625 0.3740720221606648 0.015078124999999942 0.019224376731301895
35 0.626109375 0.3893490304709142 0.016812499999999897 0.046066481994459785
