29 0.45206250000000003 0.6960538641686183 0.10528125000000005 0.11992974238875875
0 0.1499296875 0.6831381733021077 0.21289062499999997 0.6112412177985949
0 0.935546875 0.6988758782201405 0.12890625 0.597751756440281
0 0.24584374999999997 0.4044145199063232 0.13490624999999998 0.3463934426229508
0 0.6438828125 0.4691569086651054 0.13689062500000004 0.33803278688524596
0 0.9003281249999999 0.6528103044496487 0.1334375 0.6943793911007026
0 0.5389999999999999 0.6516861826697893 0.1514375 0.6741451990632319
0 0.33940625 0.6773653395784544 0.1949375 0.6452693208430913
0 0.086390625 0.6466744730679157 0.17178125 0.6983138173302108
29 0.5392421875 0.3468384074941452 0.08589062500000011 0.03976580796252921
0 0.2383984375 0.7065807962529275 0.09076562499999999 0.5491803278688525
0 0.44277343750000003 0.7090866510538641 0.16117187500000008 0.5818266978922717
0 0.6274921875 0.7470843091334894 0.183359375 0.5044262295081967
