67 0.4790234375 0.49939858490566036 0.04367187499999997 0.13893867924528297
26 0.6962734374999999 0.9507075471698113 0.19557812500000005 0.09858490566037736
0 0.2904609375 0.6259905660377358 0.18601562500000002 0.5143396226415096
0 0.31428124999999996 0.5400235849056604 0.040093749999999984 0.08108490566037735
0 0.5939687499999999 0.5948113207547169 0.54184375 0.8094339622641509
0 0.8885859375 0.7612735849056604 0.14632812500000003 0.47745283018867923
0 0.1761171875 0.6764622641509435 0.295265625 0.6199056603773585
0 0.9698203125 0.7780188679245283 0.06035937499999999 0.4439622641509434
0 0.7981015625 0.5783726415094339 0.04017187499999997 0.10367924528301886
0 0.10796093749999999 0.8530896226415094 0.21592187499999999 0.2938207547169811
0 0.7889531249999999 0.7020990566037737 0.2037812499999999 0.3968867924528302
0 0.3725078125 0.5815212264150944 0.03135937500000002 0.05294811320754722
24 0.4251796875 0.5723702830188679 0.03870312499999995 0.09238207547169808
24 0.20021875 0.6953301886792452 0.08165625000000001 0.17863207547169813
67 0.8939374999999998 0.6011438679245282 0.045499999999999985 0.06658018867924531
