62 0.5005625 0.36254166666666665 0.27303125000000006 0.30787500000000007
41 0.5797343749999999 0.5744270833333334 0.06465624999999997 0.11764583333333345
41 0.8276484375 0.42795833333333333 0.05170312500000007 0.060416666666666674
63 0.17359375 0.49213541666666666 0.2561875 0.33706249999999993
64 0.8449375 0.8222395833333334 0.06437500000000007 0.0722708333333334
66 0.5369375000000001 0.78159375 0.41034375000000006 0.10972916666666666
73 0.7766171874999999 0.50128125 0.16645312499999998 0.08181250000000007
73 0.7663671875 0.5554583333333334 0.20145312500000012 0.07504166666666656
73 0.71734375 0.5967083333333334 0.1394375 0.07183333333333342
73 0.7871796875000001 0.6096354166666667 0.07464062500000013 0.05847916666666664
73 0.6386484374999999 0.5488124999999999 0.05926562499999999 0.031750000000000056
