34 0.43476562499999993 0.34284375 0.06671875 0.025187499999999974
35 0.49450000000000005 0.5835833333333333 0.05662499999999998 0.09033333333333338
0 0.3050625 0.59340625 0.17528125000000003 0.5707708333333334
0 0.5561796875 0.6494375 0.18201562500000007 0.4000000000000001
0 0.712140625 0.60734375 0.12543749999999987 0.5506875
0 0.8569765625000001 0.20980208333333333 0.15660937500000005 0.41656249999999995
0 0.6834296874999999 0.20448958333333334 0.08595312499999996 0.17527083333333335
0 0.7124921875000001 0.14559375000000002 0.08210937500000004 0.29118750000000004
0 0.6072265625 0.16240625 0.087796875 0.2603125
0 0.45000000000000007 0.16629166666666667 0.09775 0.20225000000000004
0 0.424265625 0.07910416666666667 0.085625 0.15820833333333334
0 0.3159765625 0.15876041666666665 0.12326562500000005 0.2018125
0 0.538265625 0.19088541666666664 0.12353125000000004 0.19622916666666665
34 0.866078125 0.048374999999999994 0.058062499999999906 0.09674999999999999
34 0.5192109375 0.35302083333333334 0.08554687499999997 0.01629166666666665
0 0.4761328125 0.10007291666666668 0.036015624999999996 0.1066875
56 0.19932031249999999 0.10261458333333334 0.07717187499999997 0.20522916666666668
56 0.9512812500000001 0.28832291666666665 0.08390625000000007 0.06314583333333335
41 0.6801015625 0.28411458333333334 0.019265624999999953 0.027979166666666666
34 0.3763828125 0.33040625 0.06189062499999998 0.12889583333333332
56 0.09940625 0.0989375 0.05503124999999999 0.19120833333333334
