12 0.4404479166666666 0.67978125 0.32960416666666664 0.5999999999999999
0 0.9002708333333334 0.562453125 0.13387499999999997 0.39096875000000003
0 0.948625 0.372890625 0.07729166666666676 0.08199999999999996
0 0.12677083333333333 0.6568125 0.24758333333333335 0.6509999999999999
0 0.2781666666666667 0.5830859375 0.11445833333333336 0.4671406250000001
0 0.5738958333333334 0.38268749999999996 0.01012499999999994 0.02706249999999999
0 0.8259166666666666 0.39532812500000003 0.07399999999999995 0.07496874999999997
9 0.1845 0.346109375 0.016999999999999987 0.027375000000000038
26 0.9457708333333333 0.57115625 0.030333333333333323 0.04831250000000009
0 0.960375 0.6534296875 0.07925000000000004 0.5056406250000001
0 0.9821249999999999 0.3535859375 0.032625000000000015 0.06439062500000003
0 0.6166145833333334 0.522359375 0.09060416666666671 0.39249999999999996
2 0.17573958333333334 0.4452031249999999 0.10514583333333334 0.04506249999999995
2 0.21358333333333332 0.42342187500000006 0.09266666666666662 0.031406250000000024
2 0.27128125000000003 0.4196484375 0.05602083333333335 0.033703124999999945
0 0.9424791666666668 0.4195546875 0.0884583333333332 0.08160937499999998
26 0.9292916666666666 0.47532031250000006 0.02487499999999998 0.08504687500000002
0 0.71409375 0.6508125 0.30685416666666665 0.698375
