60 0.5015 0.4966276346604216 0.997 0.9774707259953161
43 0.29595312500000004 0.5136416861826698 0.09768749999999998 0.08194379391100703
55 0.4513671875 0.619367681498829 0.32985937499999995 0.3618735362997658
55 0.57384375 0.44108899297423887 0.2414687499999999 0.19660421545667445
39 0.9379921875 0.3517564402810304 0.12401562499999996 0.6894145199063232
41 0.8133671874999999 0.5988758782201404 0.14842187499999993 0.3572833723653396
41 0.06564843750000002 0.5016276346604216 0.130734375 0.24929742388758785
45 0.8717421875 0.8261124121779859 0.256515625 0.31166276346604216
39 0.7009765625 0.1558430913348946 0.10917187500000003 0.301288056206089
41 0.82375 0.27173302107728337 0.12634374999999998 0.28580796252927404
