56 0.62541 0.79844 0.25782 0.4031199999999999
56 0.82857 0.5235866666666666 0.053179999999999894 0.1886133333333333
0 0.52703 0.6587866666666666 0.22297999999999996 0.5360266666666665
0 0.7881 0.43144 0.09779999999999989 0.2080533333333333
73 0.20714 0.30269333333333337 0.007879999999999998 0.032320000000000015
73 0.088 0.27780000000000005 0.04696 0.10269333333333336
73 0.43987 0.6205733333333334 0.07469999999999999 0.06856000000000007
73 0.18729 0.2603333333333333 0.0044199999999999795 0.028666666666666674
24 0.44659000000000004 0.9125866666666667 0.08917999999999998 0.17482666666666669
56 0.76521 0.6522533333333334 0.05729999999999991 0.25373333333333337
73 0.17592 0.30290666666666666 0.006879999999999997 0.03034666666666669
73 0.18155 0.30072 0.0065800000000000025 0.030720000000000025
56 0.23510999999999999 0.8676666666666666 0.36178 0.2646666666666667
