2 0.7436953125 0.6457505773672055 0.08820312499999994 0.08905311778290992
5 0.474046875 0.5616512702078522 0.51121875 0.6793764434180138
0 0.032234375 0.686189376443418 0.02459375 0.07801385681293294
0 0.9821328125 0.6183140877598152 0.035734374999999985 0.10877598152424939
0 0.96828125 0.6166050808314087 0.03849999999999998 0.10826789838337181
0 0.0560703125 0.7350000000000001 0.02932812499999999 0.11993071593533489
26 0.9819921875000001 0.6116859122401848 0.015578124999999998 0.02161662817551968
0 0.4309453125 0.6346535796766744 0.025703124999999993 0.0285681293302541
0 0.3421328125 0.6325404157043881 0.03173437499999998 0.04143187066974596
0 0.2951953125 0.43755196304849886 0.01692187500000003 0.03408775981524248
0 0.27324218749999996 0.4464896073903002 0.016234374999999968 0.0370438799076212
0 0.46567968750000005 0.3446073903002309 0.034140625000000036 0.057297921478060065
0 0.5568984375 0.5935334872979215 0.05920312500000002 0.12198614318706702
0 0.47578906249999997 0.627309468822171 0.011703124999999981 0.030692840646651343
