58 0.8105390625 0.5887916666666666 0.30942187499999996 0.37220833333333336
39 0.6312187499999999 0.6558333333333334 0.08334374999999994 0.3333333333333333
60 0.6676484375 0.7570625 0.664703125 0.44470833333333337
0 0.6771796875 0.3178020833333334 0.313265625 0.4309791666666667
0 0.25928906250000006 0.501125 0.35979687500000007 0.9639583333333334
0 0.22986718750000001 0.4568020833333333 0.24160937500000002 0.39372916666666663
13 0.2337421875 0.6840833333333334 0.467484375 0.6076250000000001
41 0.58134375 0.8253750000000001 0.12249999999999994 0.19850000000000012
41 0.5589140625 0.7538645833333333 0.07973437500000002 0.1753958333333333
46 0.9415859375 0.7549270833333334 0.1057031249999999 0.07347916666666654
56 0.8584296874999999 0.4477395833333333 0.12273437499999995 0.18431249999999988
56 0.23584375 0.687625 0.46834375 0.6247499999999999
