32 0.47314843749999996 0.48235416666666664 0.008921874999999968 0.011875000000000024
56 0.9203046875 0.5070625000000001 0.042546875000000095 0.09358333333333341
34 0.49028906250000004 0.5040729166666666 0.008703124999999978 0.011604166666666638
0 0.516546875 0.5120416666666667 0.06984374999999993 0.15783333333333333
0 0.4000703125 0.5062291666666667 0.07882812499999997 0.16191666666666676
0 0.398390625 0.34319791666666666 0.04834375000000002 0.0789375
0 0.9647109374999999 0.4935833333333334 0.05942187499999996 0.17704166666666676
0 0.8796953124999999 0.48272916666666665 0.12920312499999986 0.1954583333333333
0 0.1521875 0.45291666666666675 0.08575 0.2690416666666667
0 0.9108046875 0.4964270833333333 0.05810937499999991 0.11831249999999999
0 0.23743749999999997 0.3929583333333333 0.033531249999999985 0.056208333333333305
0 0.31144531249999996 0.43246874999999996 0.05567187499999998 0.14014583333333325
0 0.8250234375000001 0.5171041666666667 0.05010937500000012 0.11066666666666658
0 0.788921875 0.5146666666666666 0.018343749999999992 0.10662500000000008
7 0.9142734375000001 0.15497916666666667 0.17048437500000002 0.099125
35 0.8463749999999999 0.44013541666666667 0.018437499999999996 0.04493750000000002
56 0.8086249999999999 0.4923854166666667 0.033781249999999874 0.05314583333333328
56 0.7918281250000001 0.54259375 0.017343750000000102 0.03197916666666667
0 0.35271874999999997 0.37412499999999993 0.03859374999999998 0.10066666666666663
35 0.41111718750000004 0.5217812500000001 0.021515624999999983 0.02302083333333338
