25 0.25703512396694217 0.684703125 0.5081198347107438 0.3505625000000001
25 0.544400826446281 0.5398359374999999 0.2859917355371901 0.138171875
25 0.9706301652892562 0.2960546875 0.05824380165289256 0.035578125000000016
56 0.8290495867768596 0.8303359374999999 0.2733884297520661 0.31685937499999994
0 0.22087809917355372 0.8898750000000001 0.3400206611570248 0.2169375
0 0.5964669421487604 0.8198593750000001 0.3705371900826447 0.36028125
0 0.5038739669421488 0.42164843750000003 0.09274793388429747 0.14235937500000007
0 0.24067148760330578 0.4700703125 0.10795454545454547 0.10885937499999998
0 0.8868388429752065 0.4121171875 0.05925619834710749 0.12185937499999999
0 0.8476342975206611 0.37209375 0.04803719008264462 0.04556249999999995
0 0.07045454545454546 0.4160859375 0.04235537190082645 0.06714062499999995
0 0.39807851239669423 0.471625 0.07925619834710745 0.08446874999999998
0 0.3480888429752066 0.43463281249999997 0.12898760330578513 0.15889062499999995
0 0.42002066115702474 0.40517187499999996 0.043925619834710716 0.07834374999999999
56 0.5500723140495868 0.919640625 0.5055165289256198 0.16071875000000002
0 0.9512603305785123 0.427640625 0.09747933884297522 0.19206250000000002
0 0.4186570247933884 0.761578125 0.2974793388429752 0.15621874999999985
39 0.9824896694214876 0.7613281249999999 0.035020661157024735 0.029874999999999985
0 0.5576859504132232 0.39902343749999997 0.04214876033057846 0.08795312499999997
