36 0.39379391100702577 0.632640625 0.37409836065573776 0.15975000000000006
0 0.5085948477751757 0.35617968749999995 0.4985011709601875 0.680890625
0 0.6978337236533958 0.49535156250000006 0.16999999999999993 0.1521093750000001
0 0.8121545667447305 0.3533046875 0.1511007025761123 0.12960937499999997
0 0.8919555035128806 0.3798359375 0.09997658079625293 0.07210937499999998
0 0.975784543325527 0.329796875 0.048430913348946114 0.17368749999999997
0 0.2732435597189696 0.31828125 0.16714285714285718 0.16653125000000002
0 0.18895784543325528 0.42672656249999996 0.11833723653395783 0.14914062499999997
0 0.2840866510538642 0.38467968750000003 0.09309133489461358 0.06970312500000003
0 0.05489461358313818 0.45401562500000003 0.10978922716627636 0.15553125000000007
0 0.052096018735363 0.5461484375000001 0.104192037470726 0.13770312499999993
0 0.2900936768149883 0.45721875 0.11957845433255271 0.16884374999999996
0 0.3725995316159251 0.4143671875 0.059672131147541 0.06501562500000002
67 0.8067447306791569 0.33102343749999996 0.038782201405152206 0.013109375000000034
67 0.7275175644028103 0.3180546875 0.03170960187353633 0.01135937500000006
0 0.4518735362997658 0.539828125 0.1326463700234191 0.14987500000000004
0 0.4203747072599532 0.440625 0.7470725995316159 0.34687499999999993
