62 0.7010390625 0.4736150234741784 0.11220312500000007 0.10413145539906105
57 0.40956250000000005 0.7887910798122065 0.457625 0.39438967136150227
57 0.856421875 0.7941784037558686 0.28403124999999996 0.3663849765258217
60 0.2063125 0.8437793427230047 0.34171874999999996 0.2845070422535211
45 0.2468046875 0.7341431924882629 0.13460937500000003 0.15279342723004685
56 0.8582890624999999 0.5748591549295774 0.07579687499999999 0.21328638497652574
73 0.594578125 0.6839201877934272 0.07221874999999989 0.040093896713615074
56 0.9677890625 0.5416666666666666 0.06442187500000007 0.16328638497652576
56 0.8538593750000001 0.8311384976525821 0.2913437500000001 0.33701877934272306
60 0.9041953125 0.5885093896713616 0.06929687500000004 0.15227699530516425
