0 0.5276562499999999 0.5731328125 0.7324375 0.8318281249999999
0 0.84321875 0.4549765625 0.05552083333333324 0.11382812500000006
0 0.17195833333333332 0.5365390625 0.11075 0.182140625
0 0.06516666666666666 0.5938203125 0.11833333333333333 0.14270312499999993
0 0.2460729166666667 0.5045078125 0.0549375 0.06839062499999993
0 0.11578125 0.5419843750000001 0.08402083333333334 0.10984375000000002
34 0.3005416666666667 0.1772578125 0.28175 0.29285937500000003
0 0.9558958333333334 0.5157578125 0.08820833333333333 0.323390625
0 0.37221875 0.488046875 0.05118749999999994 0.045062500000000005
0 0.37914583333333335 0.53828125 0.042583333333333306 0.07834374999999999
0 0.2640416666666667 0.5702421875 0.06675 0.079984375
0 0.27428125000000003 0.5215546875 0.09214583333333332 0.08873437500000003
0 0.2934375 0.5032421875 0.04733333333333334 0.06998437500000004
0 0.33768750000000003 0.566359375 0.09775000000000006 0.11612500000000003
