25 0.31276000000000004 0.2441496598639456 0.2182 0.07775510204081637
56 0.68843 0.8330272108843538 0.14006000000000007 0.21122448979591835
56 0.21654 0.5685374149659865 0.08660000000000001 0.1824489795918368
56 0.41181 0.6025850340136054 0.07886000000000004 0.1584353741496598
56 0.82379 0.5730102040816326 0.04921999999999993 0.19057823129251705
0 0.55563 0.6134863945578231 0.13874000000000003 0.5213265306122449
0 0.24674000000000001 0.45141156462585036 0.127 0.15078231292517008
0 0.33446000000000004 0.48705782312925167 0.059599999999999986 0.17146258503401357
0 0.4300999999999999 0.5620918367346939 0.10415999999999997 0.22595238095238096
0 0.89654 0.6584353741496598 0.11231999999999998 0.606734693877551
0 0.77538 0.5661224489795919 0.13648000000000005 0.23034013605442172
0 0.62967 0.479421768707483 0.03861999999999999 0.11000000000000004
0 0.52503 0.4084013605442177 0.032259999999999955 0.08700680272108852
0 0.23550000000000001 0.5218367346938775 0.10583999999999999 0.21333333333333326
0 0.96575 0.57421768707483 0.0685 0.5656462585034014
0 0.09602 0.45382653061224487 0.07284 0.211734693877551
13 0.022590000000000002 0.5715476190476191 0.0425 0.07227891156462585
39 0.03364 0.45226190476190475 0.0055600000000000024 0.03812925170068027
39 0.0051600000000000005 0.4514115646258503 0.010320000000000001 0.038537414965986394
39 0.044950000000000004 0.4387074829931973 0.004500000000000004 0.027482993197278982
39 0.06323999999999999 0.962687074829932 0.03959999999999999 0.05040816326530617
39 0.02481 0.43714285714285717 0.00774 0.029251700680272108
56 0.16613 0.547108843537415 0.017740000000000006 0.12367346938775509
0 0.4766 0.4990646258503401 0.06992000000000004 0.16670068027210883
25 0.27791999999999994 0.3494897959183674 0.18975999999999998 0.10421768707482992
25 0.65408 0.3353571428571429 0.19308000000000003 0.16744897959183674
25 0.46155999999999997 0.3240986394557823 0.22239999999999993 0.20207482993197282
39 0.021689999999999997 0.46076530612244904 0.006219999999999996 0.026224489795918404
39 0.06747 0.4410374149659864 0.0061400000000000066 0.02663265306122453
56 0.37053 0.5241666666666667 0.04161999999999999 0.09479591836734691
56 0.7548900000000001 0.5326700680272108 0.07909999999999995 0.1560204081632653
56 0.32738 0.44013605442176873 0.044520000000000004 0.028367346938775462
0 0.37884 0.4540986394557823 0.03280000000000005 0.06282312925170075
56 0.48783 0.5415986394557823 0.059219999999999995 0.16782312925170073
56 0.43152 0.4701530612244898 0.02360000000000001 0.09568027210884356
