4 0.5327812500000001 0.4640833333333334 0.9310000000000002 0.35500000000000004
0 0.23228906249999998 0.6260104166666667 0.01954687499999999 0.07727083333333329
0 0.252765625 0.620625 0.023843749999999997 0.07841666666666669
0 0.1620859375 0.62625 0.022828125000000005 0.08299999999999996
0 0.14456249999999998 0.6290729166666666 0.01884375000000002 0.07868750000000002
0 0.119453125 0.6291458333333333 0.015593750000000017 0.06887500000000002
0 0.0982734375 0.6295520833333333 0.016234374999999995 0.0799375
0 0.0713046875 0.627375 0.021078125000000003 0.09195833333333325
0 0.025578125 0.6332395833333334 0.02065625 0.08118749999999997
0 0.7811250000000001 0.60840625 0.012281250000000021 0.056062500000000015
28 0.16807812500000002 0.6454791666666666 0.012156250000000007 0.04270833333333335
28 0.1837109375 0.6371458333333333 0.010015624999999972 0.015499999999999958
0 0.007601562500000001 0.6335833333333334 0.015203125000000001 0.08395833333333336
0 0.8000703125 0.6090104166666667 0.014953125000000123 0.05810416666666662
0 0.197 0.6243124999999999 0.023343749999999996 0.08504166666666668
0 0.21382031249999997 0.6311666666666667 0.015015624999999977 0.059666666666666646
7 0.779671875 0.7149791666666667 0.43962500000000004 0.2403333333333334
0 0.2375 0.578125 0.018750000000000017 0.022916666666666696
