60 0.5 0.4949270833333333 1.0 0.9819375
43 0.7320625000000001 0.7218645833333333 0.535875 0.2331875
45 0.3322109375 0.35033333333333333 0.664421875 0.69575
45 0.76753125 0.7780416666666667 0.4649375 0.4439166666666666
51 0.38861718749999996 0.31675000000000003 0.106828125 0.20729166666666668
51 0.47696875000000005 0.48763541666666665 0.12471874999999999 0.18877083333333333
51 0.23655468750000003 0.4043854166666667 0.155359375 0.1512291666666667
51 0.30809374999999994 0.5463958333333334 0.14837499999999998 0.1841666666666667
51 0.478703125 0.3538854166666667 0.1600625 0.20964583333333334
51 0.1155703125 0.41638541666666673 0.13123437500000001 0.15285416666666668
51 0.201296875 0.3047916666666667 0.09918749999999998 0.138
51 0.267859375 0.11966666666666667 0.10362499999999997 0.2014166666666667
51 0.3893359375 0.5404791666666667 0.108421875 0.17645833333333338
51 0.1370625 0.5044895833333334 0.10309375000000003 0.13035416666666666
51 0.220796875 0.52609375 0.17128125000000002 0.19785416666666672
51 0.166984375 0.27147916666666666 0.15121875 0.15620833333333337
51 0.346765625 0.4039166666666667 0.09318749999999998 0.13391666666666668
51 0.5 0.49895833333333334 0.996875 0.9979166666666667
