13 0.686078125 0.3989479166666666 0.62784375 0.10522916666666665
13 0.1693125 0.4202916666666667 0.19171875 0.09629166666666666
34 0.7051875 0.3688958333333333 0.15081250000000002 0.10537500000000005
0 0.15003125 0.6009895833333333 0.16925 0.46010416666666654
0 0.20140625 0.24775 0.11965625000000002 0.39099999999999996
0 0.501109375 0.2630625 0.13790624999999995 0.3557499999999999
0 0.6181875000000001 0.29037499999999994 0.15962500000000002 0.35608333333333325
35 0.4551484375 0.6694687500000001 0.06820312499999998 0.057520833333333465
0 0.32642187500000003 0.27927083333333336 0.1258125 0.338
0 0.067828125 0.2907708333333333 0.13515625 0.38991666666666663
0 0.713765625 0.5629166666666666 0.2713437499999999 0.5685416666666667
0 0.35914062500000005 0.6604166666666667 0.2608750000000001 0.3684166666666667
