39 0.9514933333333333 0.34233 0.034666666666666734 0.07245999999999997
39 0.97492 0.35719999999999996 0.02413333333333334 0.049360000000000015
0 0.8781333333333333 0.5869800000000001 0.20448 0.6506
0 0.5689866666666666 0.54282 0.2401066666666667 0.75336
0 0.37004000000000004 0.60225 0.26066666666666666 0.6696599999999999
26 0.8097466666666667 0.7492 0.12690666666666672 0.21911999999999998
0 0.6883466666666667 0.57259 0.15322666666666673 0.6469400000000001
26 0.24244 0.69733 0.06434666666666666 0.10602
46 0.16720000000000002 0.08750999999999999 0.031626666666666664 0.05005999999999999
46 0.7134933333333333 0.07721 0.1321066666666666 0.07697999999999999
46 0.2370266666666667 0.11488999999999999 0.03240000000000004 0.060300000000000006
46 0.4305066666666667 0.06894 0.09392 0.07140000000000002
46 0.36141333333333336 0.22764 0.022026666666666694 0.04335999999999998
46 0.3004133333333333 0.07719 0.11469333333333329 0.07438
46 0.5005733333333333 0.06298000000000001 0.05666666666666664 0.06668
46 0.48177333333333333 0.15484 0.046586666666666665 0.045640000000000014
46 0.5284800000000001 0.07571 0.08261333333333332 0.06477999999999999
46 0.5624 0.09946999999999999 0.0831466666666667 0.053299999999999986
46 0.12150666666666667 0.22014000000000003 0.07026666666666667 0.07180000000000003
46 0.37032 0.06551 0.052746666666666664 0.06273999999999999
47 0.28524000000000005 0.35089000000000004 0.13309333333333334 0.07357999999999998
49 0.23910666666666663 0.37642000000000003 0.024346666666666628 0.017759999999999998
49 0.26305333333333336 0.35975 0.025999999999999968 0.013660000000000005
49 0.23615999999999998 0.34967000000000004 0.029493333333333344 0.02257999999999999
49 0.28900000000000003 0.37516 0.020613333333333317 0.018320000000000003
49 0.31777333333333335 0.36099 0.024026666666666696 0.016059999999999963
49 0.3420533333333333 0.35745000000000005 0.025653333333333306 0.015579999999999983
49 0.2727733333333333 0.34394 0.03269333333333335 0.019999999999999962
49 0.29932000000000003 0.34804 0.02248 0.01904
49 0.24774666666666667 0.33428 0.02642666666666668 0.021120000000000028
0 0.1811866666666667 0.32445 0.19373333333333337 0.25801999999999997
0 0.87168 0.43856 0.25664 0.16820000000000002
46 0.12601333333333334 0.13174999999999998 0.07869333333333334 0.07774
49 0.26624000000000003 0.37572 0.03205333333333332 0.02292000000000005
49 0.29058666666666666 0.36088 0.024106666666666665 0.01307999999999998
46 0.484 0.239 0.728 0.382
