33 0.3341796875 0.21265625 0.22404687499999998 0.20252083333333334
0 0.1618125 0.6672083333333333 0.01931250000000001 0.05991666666666662
0 0.7347578125 0.6548229166666666 0.03526562499999997 0.09872916666666665
0 0.98625 0.7467291666666667 0.02750000000000008 0.40483333333333327
0 0.5200234375 0.6356979166666668 0.007671874999999995 0.028729166666666694
0 0.34334374999999995 0.6269791666666666 0.004999999999999949 0.017083333333333228
0 0.314890625 0.6311666666666667 0.0055312499999999876 0.01879166666666665
0 0.069453125 0.6426666666666667 0.011312500000000003 0.028166666666666673
0 0.037476562500000005 0.6467708333333333 0.008015624999999998 0.02804166666666663
0 0.3830703125 0.6279999999999999 0.004640624999999954 0.015000000000000013
0 0.0033984375000000004 0.6518854166666668 0.006578125000000001 0.03068750000000009
0 0.0300859375 0.6432395833333333 0.008640625000000002 0.02260416666666676
0 0.375765625 0.62775 0.004093750000000007 0.01329166666666659
0 0.41183593749999997 0.6253124999999999 0.0025781249999999867 0.014375000000000027
0 0.4875 0.6187499999999999 0.9625 0.08750000000000002
