0 0.32309375 0.6168501170960188 0.07646874999999997 0.22695550351288063
0 0.5275390625 0.4738173302107729 0.10898437500000002 0.21227166276346604
0 0.846453125 0.4996370023419204 0.30709375000000005 0.996791569086651
0 0.39660937500000004 0.635351288056206 0.07178124999999996 0.184847775175644
2 0.028195312500000003 0.6525995316159251 0.05639062500000001 0.1594847775175645
2 0.10433593749999999 0.481615925058548 0.173078125 0.05227166276346601
0 0.4692421875 0.45091334894613583 0.08551562500000004 0.18079625292740042
0 0.5897890625 0.5134777517564404 0.05648437499999992 0.16929742388758784
2 0.099453125 0.5844613583138174 0.19890625 0.19224824355971892
30 0.2921328125 0.7103161592505856 0.195671875 0.5107494145199064
30 0.6389140624999999 0.5262997658079626 0.025390625 0.2577049180327869
30 0.213234375 0.4153747072599532 0.07928125000000003 0.19627634660421545
30 0.627796875 0.4691217798594848 0.032906250000000026 0.2448946135831382
30 0.40679687500000006 0.4845550351288056 0.030687500000000034 0.12086651053864172
