0 0.1083515625 0.1901875 0.216703125 0.37245833333333334
0 0.34271874999999996 0.18107291666666667 0.24274999999999997 0.36214583333333333
0 0.551515625 0.10247916666666666 0.309125 0.20495833333333333
45 0.18117968750000002 0.8067395833333333 0.22751562500000003 0.2381875
45 0.1245859375 0.6169791666666666 0.18623437499999995 0.1655416666666666
45 0.1030078125 0.4850520833333334 0.17154687500000002 0.13631250000000006
45 0.3418046874999999 0.7247083333333333 0.164328125 0.1655416666666667
45 0.7374453125 0.5806145833333334 0.1653906249999999 0.1701041666666666
53 0.5962890625000001 0.45278125 0.3486718750000001 0.2406458333333334
53 0.3454375 0.5213958333333333 0.3429062500000001 0.29279166666666656
56 0.325203125 0.17097916666666668 0.1980625 0.174125
60 0.44734375000000004 0.6721041666666667 0.8946875000000001 0.6557916666666667
44 0.896578125 0.38727083333333334 0.20443750000000005 0.07441666666666669
0 0.88725 0.7486875 0.22550000000000003 0.4630833333333333
