0 0.5897421875 0.544264705882353 0.720109375 0.8831447963800905
0 0.9466640625 0.43323529411764705 0.09420312499999994 0.1709049773755656
13 0.30263281249999996 0.5449434389140272 0.602171875 0.7752714932126699
39 0.9319921874999999 0.48397058823529415 0.017765625000000007 0.07748868778280543
56 0.9402109375000001 0.7003054298642533 0.11957812499999998 0.20676470588235285
60 0.9280546875000001 0.6510294117647059 0.12970312500000003 0.28481900452488684
0 0.8575312500000001 0.5418325791855203 0.0348750000000001 0.1844343891402715
41 0.9319531249999999 0.5001470588235295 0.017406249999999956 0.04631221719457013
23 0.53240625 0.7398076923076923 0.28325 0.5203846153846154
26 0.97590625 0.5782013574660633 0.04818750000000005 0.07929864253393659
