1 0.7166953125 0.29235362997658076 0.11520312499999996 0.1664871194379391
1 0.403046875 0.3304215456674473 0.07806249999999998 0.1373302107728337
2 0.9209296874999999 0.23519906323185014 0.15814062500000003 0.17597189695550353
2 0.8048125 0.23003512880562063 0.2273750000000001 0.21524590163934426
2 0.49102343750000005 0.19775175644028103 0.17842187500000006 0.11686182669789225
2 0.6460546875000001 0.2305737704918033 0.32410937500000014 0.24325526932084313
32 0.2425234375 0.9092857142857143 0.092609375 0.1341217798594847
0 0.48052343750000004 0.633711943793911 0.223390625 0.6247072599531616
0 0.8890859375 0.6775292740046838 0.212890625 0.5145901639344261
0 0.155921875 0.5112295081967213 0.26387499999999997 0.7348243559718969
0 0.039 0.42304449648711945 0.078 0.38103044496487126
0 0.3297578125 0.40207259953161595 0.07229687499999998 0.3701405152224825
0 0.042171875 0.18235362997658078 0.08434375 0.16156908665105385
0 0.22264843750000002 0.34740046838407496 0.11245312500000004 0.49213114754098364
1 0.5063359375 0.30827868852459017 0.11276562499999998 0.16152224824355974
