7 0.21113281250000002 0.5596838407494145 0.39520312500000004 0.4977283372365339
24 0.6620390625 0.5877868852459016 0.06551562499999997 0.19290398126463704
24 0.852203125 0.5254449648711943 0.07146874999999997 0.17074941451990633
28 0.1794921875 0.5004098360655738 0.045296875000000014 0.06836065573770495
0 0.4040625 0.6190983606557378 0.12743749999999998 0.3483138173302108
0 0.491359375 0.5653395784543326 0.06665624999999997 0.2709133489461358
0 0.6528046875 0.4604683840749415 0.04692187499999989 0.12908665105386424
0 0.7459218750000001 0.5904918032786886 0.07371874999999994 0.36402810304449656
0 0.9002265624999999 0.6375995316159251 0.09010937499999994 0.46929742388758783
0 0.9685312500000001 0.6280913348946136 0.06293749999999998 0.42470725995316155
24 0.616484375 0.6387704918032787 0.09906249999999994 0.31074941451990634
24 0.553859375 0.6763934426229508 0.052874999999999894 0.1386885245901639
28 0.2426953125 0.5364168618266978 0.027984375000000006 0.052271662763465954
0 0.8195078124999999 0.6369320843091335 0.09485937500000008 0.5536299765807964
0 0.520515625 0.4756674473067916 0.018562499999999926 0.04037470725995318
0 0.27351562500000004 0.4644496487119438 0.13903125 0.3008899297423887
0 0.65825 0.4768618266978923 0.2701875 0.0860421545667448
24 0.6455390624999999 0.468711943793911 0.034578125000000015 0.05344262295081964
24 0.9522109374999999 0.5472014051522248 0.08757812499999995 0.1400702576112412
24 0.3143359375 0.5308313817330211 0.086984375 0.1747775175644029
0 0.7124062499999999 0.4718735362997658 0.02921874999999996 0.07236533957845431
26 0.49359375 0.7223302107728338 0.07924999999999993 0.07496487119437945
28 0.20306249999999998 0.5581850117096019 0.06071874999999996 0.06789227166276346
28 0.16448437500000002 0.5607611241217798 0.013281249999999994 0.05843091334894612
