6 0.5733125 0.5101063829787233 0.32378124999999996 0.44494089834515366
6 0.32452343749999996 0.48539007092198583 0.21239062499999994 0.40898345153664306
0 0.1473984375 0.5240543735224586 0.05657812499999999 0.21274231678487004
0 0.045304687499999996 0.5853900709219858 0.060890625 0.2764066193853428
0 0.1862734375 0.5352127659574468 0.04598437500000002 0.1959101654846337
0 0.07938281250000001 0.5490307328605201 0.058359375000000005 0.24151300236406614
0 0.11044531249999999 0.4659338061465722 0.020828125000000003 0.08855791962174947
0 0.1638125 0.48030732860520087 0.02146874999999998 0.09692671394799052
0 0.0499296875 0.43983451536643026 0.020796874999999992 0.03342789598108753
27 0.1442421875 0.47254137115839245 0.008703125000000006 0.043664302600472826
27 0.1828984375 0.47592198581560285 0.0025781249999999867 0.012600472813238783
0 0.831 0.8741607565011821 0.33121875 0.2292198581560283
0 0.0112578125 0.5813120567375887 0.022515625 0.2449408983451536
26 0.0620703125 0.6098108747044917 0.034015625 0.06638297872340426
0 0.09559375 0.5218439716312057 0.04568749999999999 0.1938534278959811
0 0.1887578125 0.43229314420803777 0.006515624999999997 0.010354609929077996
0 0.024523437500000002 0.4407328605200946 0.032921875 0.04624113475177305
