0 0.6078515625 0.6780796252927401 0.112234375 0.418360655737705
0 0.2073046875 0.5804332552693208 0.02707812500000001 0.13505854800936767
0 0.1916953125 0.5776580796252928 0.020421875000000006 0.13850117096018744
13 0.9011328125 0.7362412177985949 0.1977343749999999 0.24709601873536302
13 0.7788203125 0.6421545667447307 0.14639062499999989 0.11423887587822024
13 0.6797578125 0.6074473067915691 0.06101562500000002 0.06763466042154564
13 0.32842187500000003 0.5923887587822014 0.09946875 0.05714285714285705
13 0.035984375 0.5887704918032788 0.06296874999999999 0.05843091334894612
13 0.140765625 0.5899531615925059 0.054906250000000004 0.055175644028103044
13 0.22193749999999998 0.5923185011709602 0.10578125 0.0554098360655737
