1 0.7760781250000001 0.5773854166666667 0.3328437500000001 0.26010416666666664
1 0.5397109375 0.499 0.0475468750000001 0.1404166666666668
26 0.2142890625 0.25169791666666663 0.122453125 0.2675625
26 0.41263281250000006 0.42814583333333334 0.029703124999999997 0.07804166666666668
28 0.344796875 0.9040208333333333 0.27012500000000006 0.1655416666666667
0 0.217234375 0.3081145833333333 0.30765625 0.6139375
0 0.7008203125 0.48203124999999997 0.18457812500000004 0.9414375
0 0.9612265625 0.5668020833333333 0.07754687500000002 0.5461875
0 0.5327500000000001 0.41536458333333326 0.07493749999999999 0.24343749999999992
0 0.805203125 0.4080208333333334 0.05831249999999999 0.3124166666666668
0 0.029921874999999997 0.44798958333333333 0.059843749999999994 0.4530208333333333
0 0.35340625000000003 0.39455208333333336 0.04043749999999996 0.21372916666666675
0 0.3798828125 0.42420833333333335 0.030609374999999994 0.1994583333333334
0 0.4525234375 0.41348958333333335 0.11292187500000006 0.3505625
0 0.5948359375000001 0.42613541666666666 0.05154687499999999 0.20197916666666665
0 0.8162265625 0.21176041666666667 0.10710937499999995 0.1261875
0 0.5775625 0.40017708333333335 0.02806249999999999 0.10568749999999999
26 0.3998984375 0.49102083333333335 0.021453125000000017 0.056999999999999995
26 0.5877109375 0.4093958333333333 0.020484375 0.06329166666666669
1 0.07539843750000001 0.49624999999999997 0.06967187500000002 0.114875
0 0.403921875 0.42723958333333334 0.039843749999999956 0.2793125000000001
