74 0.47250000000000003 0.40307291666666667 0.04403125000000002 0.050979166666666687
0 0.36503906249999996 0.9303125000000001 0.04176562499999997 0.13937499999999992
0 0.32465625 0.9186041666666667 0.0625 0.16279166666666667
0 0.6745390625000001 0.9120937500000001 0.104515625 0.17431249999999998
0 0.9760703125 0.8850520833333333 0.04785937500000004 0.22810416666666666
0 0.126296875 0.9113437499999999 0.14084375 0.17360416666666667
0 0.40815625 0.92015625 0.05756249999999996 0.15968749999999998
0 0.9375703124999999 0.9056354166666667 0.047734374999999996 0.18556250000000007
0 0.4583046875 0.9182916666666667 0.03517187500000002 0.1389999999999999
0 0.8012109375 0.8597083333333334 0.020671875000000006 0.01637500000000003
0 0.9000000000000001 0.8982916666666667 0.04975000000000007 0.058833333333333404
0 0.2892421875 0.9208854166666667 0.021671875000000007 0.10435416666666664
0 0.2541640625 0.9191666666666666 0.01223437500000002 0.050708333333333355
0 0.7864296875000001 0.8494062499999999 0.021953125000000018 0.03735416666666669
26 0.2867265625 0.9100625 0.013109374999999979 0.016541666666666677
56 0.6161796875000001 0.9456666666666667 0.012265625000000058 0.08120833333333344
60 0.7298828125 0.9180520833333332 0.03576562500000002 0.024520833333333214
60 0.6267421875000001 0.9201041666666667 0.05039062500000002 0.03616666666666668
26 0.9311796875 0.9380104166666667 0.04332812500000005 0.12397916666666664
0 0.38828125 0.9114583333333333 0.4140625 0.11875000000000002
