32 0.5806998158379374 0.7774609375000001 0.10338858195211786 0.07860937499999998
0 0.49703499079189695 0.5773906249999999 0.49834254143646417 0.4563749999999999
13 0.5003867403314917 0.28173437500000004 0.9992265193370166 0.017906250000000012
13 0.47822283609576427 0.24716406249999998 0.7368139963167587 0.024765624999999958
13 0.43702578268876613 0.15692968750000003 0.5403130755064456 0.035953125
13 0.4114272559852671 0.191296875 0.20410681399631675 0.015593750000000017
0 0.9320718232044198 0.2255859375 0.06992633517495406 0.10407812500000002
0 0.8863443830570903 0.22588281250000003 0.06524861878453037 0.09817187500000002
0 0.5461694290976059 0.1931328125 0.06950276243093922 0.09826562500000002
0 0.28009208103130756 0.1106015625 0.0897605893186004 0.087765625
0 0.5204235727440147 0.040484375 0.06519337016574578 0.08096875
0 0.9421178637200737 0.13128125 0.07101289134438304 0.09165625
0 0.8223572744014733 0.0399296875 0.057384898710865606 0.07601562499999999
13 0.6153591160220995 0.300484375 0.769281767955801 0.016781250000000025
13 0.3113259668508287 0.2642265625 0.4204419889502762 0.012890625000000044
13 0.49042357274401477 0.22865625 0.9808471454880295 0.016500000000000015
13 0.29674033149171275 0.20890625000000002 0.4413996316758748 0.017531249999999998
0 0.06466850828729281 0.257375 0.08237569060773481 0.10809375000000002
0 0.19996316758747695 0.40290625 0.13171270718232042 0.23043750000000007
13 0.7193001841620627 0.21015625000000002 0.27307550644567224 0.013218750000000001
13 0.6817034990791897 0.26482812499999997 0.3557090239410682 0.01731250000000001
13 0.15723756906077346 0.19050781249999998 0.3130386740331491 0.01785937500000001
13 0.7221086556169429 0.192578125 0.28572744014732965 0.021625000000000005
13 0.4993001841620627 0.36046875 0.9937384898710866 0.022281249999999975
13 0.18086556169429097 0.1411484375 0.10883977900552483 0.01439062499999999
