20 0.588203125 0.5342604166666667 0.2561875 0.3483124999999999
20 0.735359375 0.4593541666666667 0.0993750000000001 0.2862083333333333
0 0.518125 0.2941770833333333 0.027468750000000042 0.054604166666666676
0 0.6079062499999999 0.30984375 0.08353124999999995 0.06956250000000003
0 0.2110625 0.28259375000000003 0.06059375 0.09831250000000005
0 0.289203125 0.34390625 0.10900000000000004 0.15735416666666668
0 0.349515625 0.37413541666666666 0.11431249999999993 0.22102083333333333
0 0.5350234375 0.19580208333333332 0.02614062500000003 0.04427083333333334
0 0.5566484375 0.20854166666666668 0.01873437500000008 0.022166666666666668
0 0.656671875 0.19561458333333334 0.04121874999999997 0.05985416666666665
0 0.7640234374999999 0.2514791666666667 0.04304687500000004 0.07654166666666667
13 0.5495234375 0.3481458333333334 0.11554687500000005 0.0546666666666667
13 0.24403906250000001 0.39473958333333325 0.15501562500000002 0.13643749999999993
13 0.74084375 0.3255625 0.118 0.08929166666666666
13 0.6759765625 0.24361458333333333 0.04545312499999998 0.06197916666666664
0 0.6890390625 0.21333333333333332 0.02179687500000005 0.055749999999999994
20 0.2689609375 0.60871875 0.29960937499999996 0.4372291666666667
0 0.6575 0.3332291666666667 0.0692187500000001 0.12704166666666666
13 0.5465781249999999 0.22382291666666665 0.025499999999999967 0.015062500000000006
0 0.5329921875 0.28253125 0.08739062500000006 0.08868750000000003
0 0.7259296875 0.2599375 0.02973437500000009 0.05233333333333334
0 0.5890625 0.2583333333333333 0.19374999999999998 0.10833333333333334
