0 0.30117043121149895 0.46225000000000005 0.33121149897330593 0.6093437500000001
0 0.7876591375770019 0.44942187499999997 0.15248459958932237 0.15109374999999997
0 0.857741273100616 0.445171875 0.10308008213552355 0.129
0 0.8974948665297742 0.4352890625 0.0788090349075975 0.09795312500000003
34 0.22432238193018478 0.2346796875 0.0762012320328542 0.150578125
0 0.6018685831622177 0.48931250000000004 0.16024640657084188 0.16537500000000005
39 0.6773511293634497 0.4643046875 0.020205338809034856 0.04357812499999997
26 0.6123100616016426 0.5460625 0.0892607802874742 0.06296875000000002
0 0.9141478439425051 0.5081093750000001 0.11034907597535937 0.11178125000000005
0 0.9820944558521562 0.5066484375 0.030225872689938482 0.041015625
