58 0.8261171875 0.23645397489539752 0.12139062499999986 0.15801255230125527
41 0.422875 0.7823953974895398 0.07253124999999999 0.10458158995815903
41 0.31315624999999997 0.9154707112970711 0.08037499999999997 0.16905857740585772
41 0.6992578125 0.4422071129707113 0.03507812499999996 0.06265690376569033
44 0.19265624999999997 0.9715271966527197 0.07909374999999999 0.056736401673640136
44 0.6679609375 0.8030962343096235 0.17960937500000007 0.20079497907949795
45 0.6965234375 0.837071129707113 0.245046875 0.2539330543933055
71 0.6071015625 0.4364958158995816 0.1285781250000001 0.08705020920502093
43 0.16734375 0.8340899581589958 0.03262499999999999 0.06617154811715475
42 0.2466796875 0.7381276150627615 0.12689062499999998 0.05495815899581591
43 0.672171875 0.22126569037656904 0.014874999999999972 0.03876569037656902
69 0.8839296875 0.4866736401673641 0.232140625 0.13397489539748964
0 0.3795 0.4802824267782427 0.43534375000000003 0.9009414225941422
