34 0.4241484375 0.2646618357487922 0.027859374999999964 0.12961352657004827
34 0.9175703124999999 0.13919082125603863 0.01701562499999998 0.09094202898550723
35 0.6853125 0.6568719806763286 0.052312500000000095 0.05736714975845414
0 0.348875 0.5382125603864735 0.24421875 0.6044927536231884
0 0.5574296875 0.3621014492753623 0.16185937499999997 0.3636231884057971
0 0.69234375 0.3764009661835749 0.13350000000000006 0.33942028985507244
0 0.7449921875 0.6269685990338164 0.17589062499999986 0.38649758454106276
0 0.0228515625 0.42136473429951693 0.045421875 0.1989130434782609
0 0.38528125 0.26359903381642513 0.13981249999999995 0.13603864734299514
0 0.9142890625 0.3372826086956522 0.14264062499999985 0.5094444444444444
0 0.1836171875 0.31217391304347825 0.07098437499999999 0.2503864734299517
0 0.9425078124999999 0.40852657004830917 0.11498437500000003 0.2581642512077295
0 0.4179453125 0.4216183574879227 0.08285937499999996 0.2500483091787439
13 0.34395312499999997 0.4788888888888889 0.33925 0.08777777777777779
0 0.8833984375 0.5600845410628019 0.191359375 0.4694444444444444
0 0.244859375 0.336159420289855 0.13631249999999995 0.25502415458937194
