39 0.028898437500000002 0.2820418326693227 0.033859375000000004 0.14643426294820716
60 0.3091328125 0.7949003984063745 0.614578125 0.39059760956175305
0 0.7403984375 0.44876494023904384 0.519203125 0.8836653386454184
0 0.18425 0.3570418326693227 0.3685 0.5973107569721116
0 0.3817578125 0.48311752988047807 0.32604687499999996 0.326792828685259
42 0.48099218749999995 0.6331573705179283 0.1615781249999999 0.1953984063745019
44 0.3284375 0.4107370517928287 0.07646874999999997 0.05565737051792824
44 0.14812499999999998 0.663585657370518 0.16553124999999996 0.03019920318725111
68 0.0762734375 0.1869820717131474 0.152546875 0.11105577689243029
56 0.9576640624999999 0.679003984063745 0.08467187500000006 0.2552988047808764
72 0.3826953125 0.22469123505976096 0.10867187499999997 0.20894422310756977
