57 0.596171875 0.72521875 0.80765625 0.48277083333333337
0 0.41046875000000005 0.6114895833333334 0.28040625 0.4279375000000001
65 0.7691953125 0.8066770833333332 0.06279687499999997 0.05914583333333334
65 0.8785546875 0.90725 0.07854687500000002 0.08216666666666672
65 0.9310234374999999 0.895125 0.13745312500000006 0.12649999999999995
66 0.40028125000000003 0.9325833333333333 0.3286562500000001 0.08987499999999993
68 0.6453671875 0.42094791666666664 0.06389062499999998 0.0438958333333333
73 0.22776562500000003 0.35283333333333333 0.006750000000000006 0.058250000000000024
73 0.34075 0.35092708333333333 0.005718749999999995 0.05739583333333337
73 0.19561718749999998 0.4950520833333334 0.008703124999999978 0.060479166666666695
73 0.38949218750000003 0.3039791666666667 0.06160937500000002 0.0122916666666667
73 0.358234375 0.20613541666666668 0.035812500000000025 0.0559375
73 0.451734375 0.20728125000000003 0.010843749999999985 0.05781250000000002
73 0.09409375 0.21554166666666666 0.010562500000000002 0.05379166666666668
73 0.08209375000000001 0.2864375 0.005968749999999995 0.0556666666666667
73 0.078484375 0.4979479166666667 0.009625000000000009 0.05372916666666666
73 0.362515625 0.35530208333333335 0.007343749999999982 0.052812499999999984
73 0.19621875 0.42290625 0.009468749999999998 0.0610208333333333
77 0.0735625 0.16670833333333335 0.050062499999999996 0.049125
77 0.12437500000000001 0.1673958333333333 0.04003125000000002 0.04466666666666666
77 0.0124921875 0.16676041666666663 0.024984375 0.049895833333333334
56 0.099703125 0.7908854166666667 0.19940625 0.41822916666666665
57 0.10493749999999999 0.7613229166666666 0.20987499999999998 0.47735416666666663
73 0.0629453125 0.3636875 0.026203125 0.049708333333333354
73 0.2362578125 0.4227604166666667 0.007796875000000009 0.05714583333333334
74 0.767484375 0.14014583333333333 0.047812500000000036 0.06625000000000002
73 0.24296875 0.38229166666666664 0.4859375 0.4395833333333333
