0 0.26099218750000003 0.6214791666666666 0.19164062500000004 0.4807916666666666
0 0.850375 0.48771875 0.06099999999999994 0.14647916666666672
0 0.8996250000000001 0.47578125000000004 0.04978125 0.1801875
0 0.39991406250000006 0.4738229166666667 0.03814062500000004 0.15160416666666665
0 0.16009374999999998 0.4949479166666666 0.06059375 0.18389583333333331
0 0.1198515625 0.408875 0.005703125000000003 0.013999999999999957
0 0.6009921875 0.5832395833333333 0.12317187499999993 0.3249375
30 0.5892734374999999 0.6919583333333332 0.17495312500000004 0.15937499999999993
30 0.9484453125000001 0.73353125 0.1009843749999999 0.07014583333333335
0 0.4503359375 0.5210104166666667 0.07501562499999997 0.20652083333333332
24 0.1610859375 0.45382291666666663 0.036109375 0.053687500000000055
30 0.4024375 0.5453541666666667 0.031374999999999986 0.012833333333333474
30 0.3453671875 0.5478645833333333 0.09164062500000003 0.3928958333333333
30 0.3704296875 0.5113541666666667 0.025515625000000042 0.008708333333333318
0 0.3520390625 0.42654166666666665 0.012484374999999992 0.04916666666666669
0 0.059703125 0.63778125 0.11915625 0.46560416666666676
0 0.982359375 0.5643333333333334 0.03518749999999993 0.3207083333333334
30 0.4362265625 0.6568333333333334 0.12698437499999998 0.04775000000000007
