4 0.4427265625 0.2640498812351544 0.752421875 0.3797862232779097
4 0.5014765625 0.613479809976247 0.997046875 0.7505700712589073
18 0.6071484375 0.20089073634204274 0.013921875000000083 0.012422802850356296
18 0.69978125 0.22428741092636578 0.0075625000000000275 0.007529691211401429
18 0.7308984375 0.22294536817102137 0.014703125000000039 0.012684085510688836
18 0.7486718750000001 0.2115795724465558 0.009312499999999946 0.0182185273159145
18 0.7907109375 0.22536817102137768 0.011484374999999991 0.015629453681710204
18 0.731125 0.20893111638954867 0.011281250000000131 0.013064133016627066
18 0.7014218749999999 0.20985748218527317 0.009218749999999942 0.012684085510688836
18 0.6813750000000001 0.2064251781472684 0.007906250000000004 0.011187648456056992
18 0.66428125 0.19997624703087885 0.008062500000000083 0.013586698337292147
18 0.57946875 0.19622327790973873 0.009031249999999935 0.009311163895486918
18 0.7147734375 0.2080997624703088 0.012609375000000034 0.012874109263657979
18 0.595234375 0.19679334916864605 0.004468750000000021 0.006080760095011878
18 0.690765625 0.22105700712589071 0.008375000000000021 0.008147268408551095
18 0.9109375 0.22090261282660334 0.171875 0.038004750593824216
