32 0.7876640625 0.6972482435597189 0.040953125000000035 0.056697892271662664
38 0.7515390624999999 0.698559718969555 0.22529687499999995 0.2664402810304449
0 0.1409375 0.44943793911007024 0.1439375 0.2741451990632319
0 0.7141328125 0.3757611241217798 0.13182812499999996 0.4186416861826697
0 0.86409375 0.14324355971896957 0.14165625000000004 0.2336065573770492
0 0.9841484375 0.21381733021077282 0.031203124999999998 0.1914285714285714
0 0.301359375 0.6993208430913349 0.12893749999999998 0.18201405152224837
0 0.0451796875 0.7079391100702577 0.08782812499999999 0.16309133489461347
0 0.11342187499999998 0.20683840749414523 0.11031249999999997 0.2027634660421546
0 0.1149921875 0.32432084309133485 0.117796875 0.24484777517564402
0 0.20063281249999998 0.3593208430913349 0.111078125 0.13419203747072594
0 0.2302265625 0.16495316159250584 0.155359375 0.1943559718969555
0 0.5210078125000001 0.5146018735362997 0.37932812500000007 0.9707962529274005
0 0.0424140625 0.4708313817330211 0.084828125 0.22241217798594848
0 0.8255390625 0.316943793911007 0.13764062499999996 0.31852459016393436
0 0.0390625 0.2189695550351288 0.07500000000000001 0.2646370023419204
