56 0.2614453125 0.7313934426229509 0.24251562500000004 0.4551639344262296
56 0.17583593749999998 0.6950512295081968 0.14789062500000003 0.39870901639344264
56 0.46524218749999996 0.6625204918032787 0.19267187499999994 0.33692622950819673
45 0.6874453125000001 0.4780430327868852 0.06617187499999999 0.03969262295081971
75 0.7581640624999999 0.5203688524590164 0.043265624999999974 0.09221311475409838
13 0.9104609375000001 0.7538729508196721 0.1284843750000001 0.191844262295082
75 0.7213359374999999 0.5344877049180328 0.03439062500000001 0.040532786885245975
75 0.6779140625 0.5256659836065574 0.030828125000000095 0.0437090163934426
45 0.680234375 0.5320184426229508 0.048843749999999964 0.021168032786885282
13 0.0693125 0.5285655737704917 0.0950625 0.1116803278688524
