25 0.5011274509803921 0.24382352941176472 0.9977450980392157 0.48764705882352943
25 0.18375 0.5453104575163399 0.3675 0.14120915032679743
25 0.07279411764705881 0.6071977124183007 0.14558823529411763 0.05299019607843136
25 0.8840114379084967 0.5384313725490196 0.23197712418300653 0.11205882352941177
25 0.8585947712418301 0.6026388888888888 0.1882679738562092 0.03955882352941176
25 0.9491421568627452 0.6211029411764706 0.09834967320261445 0.05321895424836598
25 0.9856045751633986 0.6265441176470589 0.028790849673202668 0.03004901960784312
25 0.8176225490196078 0.6484150326797384 0.0825980392156862 0.016143790849673212
25 0.8569444444444445 0.6673447712418301 0.048235294117647154 0.023578431372549002
56 0.6983169934640523 0.9531944444444445 0.39160130718954245 0.0917483660130719
56 0.9372385620915032 0.8148529411764707 0.1255228758169935 0.03614379084967323
56 0.04686274509803921 0.7926470588235294 0.09372549019607843 0.061111111111111116
56 0.8180473856209151 0.7511274509803922 0.07776143790849677 0.027679738562091494
56 0.9649836601307189 0.7353594771241831 0.036176470588235254 0.0197712418300654
2 0.11184640522875816 0.6693954248366013 0.03016339869281047 0.024836601307189454
13 0.9442647058823529 0.7853186274509804 0.11147058823529421 0.03357843137254912
13 0.821576797385621 0.8823856209150327 0.241421568627451 0.06836601307189549
13 0.15165849673202614 0.8537745098039216 0.3033169934640523 0.10287581699346404
25 0.9600653594771242 0.6733578431372549 0.028071895424836568 0.017663398692810528
25 0.23158496732026146 0.5788562091503269 0.1219607843137255 0.06339869281045751
56 0.7279084967320262 0.7678513071895425 0.08470588235294108 0.029591503267973884
56 0.9150980392156862 0.7316503267973856 0.05192810457516339 0.03535947712418297
