39 0.05625 0.5401173708920188 0.03621875000000001 0.13507042253521134
39 0.09300781250000001 0.5059037558685445 0.170828125 0.21861502347417833
60 0.6509687500000001 0.6130516431924883 0.15040624999999996 0.08004694835680759
0 0.3463515625 0.456537558685446 0.14901562500000004 0.30269953051643195
0 0.44878906249999995 0.3732042253521127 0.1142031249999999 0.3711971830985915
0 0.48390625 0.6327230046948357 0.22099999999999992 0.7345539906103287
0 0.8241796875 0.5112323943661972 0.3350468750000002 0.9460798122065727
42 0.36292187499999995 0.8666079812206573 0.06603124999999999 0.09654929577464788
44 0.6833828124999999 0.6174178403755869 0.018484374999999997 0.027089201877934288
68 0.703515625 0.5296009389671361 0.08706250000000004 0.08971830985915491
70 0.7254453125 0.4677112676056338 0.04301562499999989 0.07753521126760565
0 0.5562578125 0.27021126760563385 0.06367187499999993 0.06164319248826294
39 0.1191171875 0.4266197183098591 0.01648437500000001 0.04845070422535219
41 0.09882031249999998 0.5110093896713614 0.05454687499999998 0.11356807511737083
42 0.6823984375000001 0.6190140845070422 0.02032812499999992 0.02704225352112677
60 0.9755 0.7188849765258216 0.049000000000000044 0.1784741784037558
