58 0.2196328125 0.3718941176470588 0.06257812500000001 0.07818823529411761
0 0.3901015625 0.4944 0.36926562500000004 0.9888
0 0.1376015625 0.6046588235294118 0.275203125 0.7906823529411765
0 0.8185703125 0.8603529411764705 0.362859375 0.2590117647058824
65 0.2375625 0.45523529411764707 0.10843749999999999 0.05108235294117647
73 0.6227031249999999 0.06307058823529411 0.10084375000000001 0.042235294117647065
73 0.6304453125 0.03068235294117647 0.11173437499999994 0.03247058823529412
73 0.6364296875 0.019494117647058825 0.09704687500000009 0.030752941176470587
73 0.6264609375 0.05114117647058823 0.107515625 0.0359764705882353
73 0.6282890624999999 0.039564705882352946 0.11451562500000001 0.03771764705882353
26 0.6580312500000001 0.31214117647058826 0.07703125 0.13534117647058827
56 0.1418203125 0.8246941176470588 0.19414062499999996 0.34807058823529413
0 0.378296875 0.6303411764705882 0.4700625 0.7393176470588235
57 0.7363828124999999 0.6943058823529411 0.522703125 0.586635294117647
