27 0.77383 0.3061066666666667 0.015059999999999962 0.046666666666666634
0 0.50722 0.41688000000000003 0.12220000000000003 0.39781333333333335
0 0.41093 0.4149333333333334 0.10898000000000002 0.35840000000000005
0 0.27895000000000003 0.42945333333333335 0.08534000000000003 0.3046666666666667
0 0.6322300000000001 0.40589333333333333 0.07306000000000001 0.33424000000000004
0 0.78041 0.3873866666666667 0.0641799999999999 0.3738666666666667
0 0.83196 0.35230666666666666 0.07344000000000006 0.29879999999999995
0 0.72635 0.38964000000000004 0.09458 0.3896266666666667
0 0.07424 0.4056 0.08784 0.30245333333333335
0 0.20477 0.39888 0.07921999999999998 0.2718933333333334
0 0.1077 0.4032 0.05316000000000001 0.2514666666666667
0 0.56926 0.35502666666666666 0.052039999999999864 0.22130666666666665
26 0.2158 0.3637066666666667 0.04779999999999998 0.10624
28 0.8526 0.6740266666666666 0.29479999999999995 0.17402666666666666
28 0.6457999999999999 0.6471333333333333 0.24727999999999994 0.13991999999999993
0 0.66899 0.35486666666666666 0.056419999999999915 0.28157333333333334
0 0.01894 0.42534666666666665 0.037279999999999994 0.2034933333333333
0 0.43 0.39866666666666667 0.86 0.2693333333333333
