32 0.783625 0.037716627634660424 0.0247187499999999 0.03660421545667448
32 0.05239062500000001 0.6528337236533958 0.058531250000000014 0.08145199063231834
13 0.9285 0.6040515222482435 0.09262499999999996 0.042154566744730726
38 0.49273437499999995 0.19765807962529275 0.17112499999999997 0.12009367681498831
0 0.33207031249999996 0.5678103044496488 0.15014062499999997 0.24840749414519914
0 0.3080234375 0.5905152224824356 0.21739062499999998 0.7388290398126462
0 0.07196875 0.5928805620608899 0.1349375 0.19775175644028103
0 0.494015625 0.5831498829039813 0.1394375 0.22245901639344262
0 0.8178125 0.5984660421545667 0.13268749999999996 0.20451990632318495
0 0.6169609375 0.4730327868852459 0.13642187500000003 0.27192037470725994
0 0.7495624999999999 0.5179859484777518 0.11646875000000001 0.35508196721311475
0 0.8136640625 0.36734192037470725 0.10529687500000007 0.29051522248243566
0 0.1590625 0.6023770491803278 0.04903124999999997 0.1549180327868852
0 0.177859375 0.5904332552693209 0.08575000000000002 0.20606557377049178
0 0.6015390625 0.5822482435597189 0.262515625 0.23419203747072598
0 0.9002812499999999 0.46058548009367684 0.12312499999999993 0.35653395784543335
13 0.9181874999999999 0.6697306791569086 0.08243750000000005 0.031733021077283485
