62 0.287984375 0.2463145539906103 0.10881249999999998 0.10948356807511736
60 0.619140625 0.7387676056338028 0.76171875 0.5224647887323943
39 0.3361796875 0.5377699530516432 0.03201562499999999 0.07408450704225356
39 0.36165625 0.5318896713615023 0.018468750000000034 0.0729342723004695
41 0.4703046875 0.8012793427230047 0.05076562499999998 0.1290845070422536
41 0.7007421875 0.887699530516432 0.071453125 0.16051643192488263
42 0.4884765625 0.5713615023474179 0.016953125000000013 0.048967136150234736
42 0.7691874999999999 0.853075117370892 0.0804999999999999 0.04117370892018779
42 0.348359375 0.7392488262910798 0.035999999999999976 0.030985915492957705
0 0.3808359375 0.40309859154929584 0.103609375 0.22723004694835686
0 0.5566718749999999 0.47122065727699525 0.17909375 0.36995305164319237
0 0.727671875 0.5372065727699531 0.25512500000000005 0.5348356807511736
0 0.915734375 0.6072769953051643 0.16853125000000002 0.6007042253521127
0 0.313828125 0.3875352112676056 0.05968749999999995 0.12530516431924882
0 0.2138984375 0.685387323943662 0.427796875 0.6112441314553989
0 0.11060156249999999 0.38876760563380286 0.21026562499999998 0.32640845070422536
0 0.8316562500000001 0.37865023474178405 0.11965625000000002 0.15955399061032866
0 0.5975312500000001 0.29699530516431927 0.04428124999999994 0.16431924882629106
41 0.50134375 0.6796948356807512 0.03740625000000003 0.09281690140845078
41 0.4086328125 0.5671596244131456 0.02885937500000002 0.0665258215962442
41 0.323171875 0.5854342723004695 0.030781249999999982 0.0653755868544601
41 0.863359375 0.46454225352112677 0.030187500000000034 0.033075117370892027
41 0.8302343750000001 0.4592253521126761 0.026562499999999933 0.03014084507042253
43 0.5241796875 0.7193309859154929 0.031109374999999995 0.019976525821596258
43 0.7560156249999999 0.8424765258215963 0.05609374999999994 0.0415727699530517
43 0.44587499999999997 0.5852464788732394 0.04946875000000006 0.008615023474178307
53 0.7899453125 0.9017957746478873 0.059890624999999975 0.09194835680751179
60 0.8512578125000001 0.5090962441314554 0.11601562500000007 0.12701877934272304
60 0.2913203125 0.4458802816901408 0.10123437500000004 0.10537558685446002
0 0.45327343750000004 0.45869718309859153 0.11898437499999998 0.24715962441314554
0 0.8137421874999999 0.27612676056338026 0.09342187499999999 0.18863849765258217
0 0.08921875 0.5779694835680751 0.1784375 0.48157276995305154
42 0.40226562499999996 0.5110680751173708 0.004312499999999997 0.025000000000000078
42 0.33303906250000004 0.4689553990610329 0.010828125000000022 0.02298122065727698
0 0.43523437499999995 0.33327464788732397 0.027093749999999972 0.04453051643192485
43 0.33578125000000003 0.6915727699530516 0.09237500000000004 0.0388732394366198
44 0.7566328125000001 0.8452347417840376 0.059046875000000054 0.04737089201877931
