7 0.587359375 0.34157291666666667 0.45 0.31460416666666663
30 0.699546875 0.6666875 0.040593750000000095 0.4691666666666667
24 0.328859375 0.5239479166666666 0.07065624999999998 0.08677083333333341
24 0.5334296875 0.501875 0.06910937500000003 0.08762500000000001
0 0.13496875 0.68253125 0.15662500000000001 0.3176458333333334
0 0.5148828125 0.7112395833333334 0.11292187499999995 0.28089583333333346
0 0.4576875 0.6755416666666667 0.10212500000000002 0.22716666666666674
0 0.8074375 0.72409375 0.21621875000000013 0.5225208333333334
0 0.2351640625 0.6833437499999999 0.09942187499999999 0.2806875000000001
0 0.7005859375000001 0.5654375 0.06142187500000007 0.20954166666666663
0 0.1348359375 0.5089895833333333 0.15842187500000002 0.23593749999999997
0 0.594609375 0.6307812500000001 0.08956249999999999 0.38435416666666666
0 0.24521874999999999 0.5067395833333332 0.09943749999999996 0.2808958333333333
0 0.5291796875 0.5322395833333333 0.07129687499999998 0.19172916666666667
0 0.750328125 0.6788437500000001 0.1085625 0.4763541666666667
0 0.34732031250000006 0.6797395833333335 0.12092187500000001 0.2933958333333334
24 0.2431796875 0.45342708333333326 0.05976562499999999 0.056145833333333284
24 0.46021875 0.5230520833333333 0.04921875000000003 0.06935416666666666
24 0.1168984375 0.6699270833333333 0.10785937500000001 0.13406250000000008
31 0.4292421875 0.7764479166666667 0.214484375 0.19018750000000006
0 0.6498046875 0.6009479166666667 0.06310937500000002 0.3276458333333334
30 0.6175546875 0.6695416666666667 0.05457812499999992 0.32395833333333335
31 0.7345546875 0.6121041666666667 0.218515625 0.37779166666666675
0 0.39375 0.5645833333333333 0.20937499999999998 0.29583333333333334
