6 0.5195078125 0.3820140515222482 0.6072031249999998 0.19325526932084308
0 0.2888125 0.5384543325526933 0.577625 0.897096018735363
0 0.7856171875 0.594824355971897 0.42876562500000004 0.7820140515222483
0 0.4573046875000001 0.39959016393442626 0.06645312500000006 0.13843091334894614
63 0.499265625 0.4741569086651054 0.22490624999999997 0.2741686182669789
63 0.6769296875 0.46911007025761126 0.2086406249999999 0.2898360655737705
26 0.8653359375 0.8763934426229508 0.129578125 0.24313817330210763
27 0.221890625 0.4814754098360656 0.04625000000000001 0.15840749414519917
39 0.8999062499999999 0.8175058548009367 0.045343750000000016 0.167423887587822
6 0.5008203125 0.33209601873536304 0.998359375 0.6641920374707261
28 0.1544609375 0.7758548009367681 0.308921875 0.23278688524590174
26 0.9592109375 0.8532669789227166 0.08157812500000006 0.29346604215456673
