25 0.5325546875 0.24476580796252925 0.4727031249999999 0.3295784543325527
2 0.7541953125 0.38721311475409836 0.108328125 0.1476814988290398
9 0.7648203125 0.25446135831381733 0.02654687499999997 0.08550351288056202
9 0.9181874999999999 0.2897423887587822 0.013374999999999915 0.06154566744730683
0 0.61246875 0.6887587822014052 0.268375 0.6089929742388758
0 0.8381093749999999 0.6483138173302108 0.20390625000000007 0.6808899297423888
0 0.3620859375 0.6651639344262296 0.295359375 0.6471896955503513
0 0.09166406249999999 0.619367681498829 0.18032812499999998 0.7364871194379392
0 0.956734375 0.7742740046838408 0.08653124999999995 0.4295316159250585
26 0.25567968750000003 0.6145081967213115 0.13314062500000004 0.42175644028103043
26 0.9323203124999999 0.5523302107728336 0.07273437500000002 0.17004683840749413
26 0.19428125000000002 0.524976580796253 0.12625 0.20409836065573772
26 0.12794531250000002 0.42722482435597187 0.025015625000000014 0.10086651053864171
0 0.16025 0.36576112412177986 0.05206250000000001 0.11789227166276345
0 0.006109375 0.33423887587822015 0.01221875 0.08557377049180326
0 0.016453125 0.3597775175644028 0.01971875 0.061615925058548016
0 0.304640625 0.38174473067915693 0.06734374999999998 0.14409836065573767
2 0.9061250000000001 0.39594847775175646 0.07509375000000007 0.0783606557377049
2 0.9868750000000001 0.3944262295081967 0.026249999999999885 0.09967213114754098
25 0.224765625 0.24000000000000002 0.22996875 0.1577049180327869
0 0.1914921875 0.6441451990632319 0.19929687499999998 0.6857142857142858
26 0.7384375000000001 0.8603395784543326 0.03749999999999998 0.16737704918032792
