2 0.33209967320261435 0.672279411764706 0.12106209150326797 0.09665032679738561
2 0.40281862745098035 0.6661356209150326 0.06540849673202609 0.08070261437908488
2 0.5086111111111111 0.6590359477124184 0.0613071895424836 0.07098039215686269
2 0.5527696078431372 0.6570506535947713 0.03540849673202617 0.06410130718954254
2 0.783390522875817 0.6543790849673202 0.036388888888888804 0.03722222222222227
5 0.6752777777777779 0.6524346405228758 0.19101307189542494 0.15055555555555555
0 0.14683823529411763 0.6421323529411764 0.020996732026143772 0.05017973856209146
0 0.991111111111111 0.7355718954248365 0.01777777777777778 0.12836601307189544
0 0.9605473856209151 0.7186601307189542 0.054035947712418375 0.15869281045751638
0 0.9333415032679739 0.663782679738562 0.01841503267973854 0.0625980392156863
0 0.911609477124183 0.6697875816993465 0.01658496732026138 0.05617647058823527
5 0.843374183006536 0.6392728758169934 0.056290849673202636 0.04972222222222222
0 0.21694444444444444 0.6330637254901961 0.026143790849673193 0.022924836601307064
0 0.27827614379084964 0.6448202614379085 0.021813725490196056 0.050130718954248366
2 0.4608333333333333 0.6628839869281045 0.07500000000000001 0.07240196078431371
2 0.582687908496732 0.6504166666666666 0.019526143790849604 0.046879084967320184
2 0.19174836601307188 0.8367156862745098 0.38349673202614376 0.3198366013071897
2 0.5735947712418301 0.6583169934640523 0.021732026143790883 0.050490196078431415
