74 0.49225 0.3260546875 0.08074999999999999 0.05804687500000005
74 0.4927604166666667 0.22407031249999998 0.13677083333333334 0.105078125
74 0.4335520833333333 0.5423046874999999 0.10468749999999999 0.07304687500000007
74 0.5569583333333333 0.5445234375000001 0.09941666666666671 0.07545312500000001
74 0.4936145833333333 0.43170312499999997 0.14322916666666669 0.10825000000000001
56 0.925875 0.9743203125 0.1482500000000001 0.051359374999999985
73 0.6995833333333333 0.21489843749999998 0.040124999999999966 0.10814062499999996
73 0.7922395833333333 0.6437187499999999 0.03285416666666663 0.10809374999999999
73 0.8375520833333333 0.6441875 0.026104166666666595 0.11243749999999997
73 0.8560729166666666 0.35473437500000005 0.019187499999999913 0.11881250000000004
73 0.9385833333333333 0.2133828125 0.029749999999999943 0.11054687499999999
73 0.8372083333333333 0.19778125000000002 0.019500000000000073 0.10965625000000004
73 0.1506875 0.23591406250000002 0.02929166666666666 0.099765625
73 0.18132291666666667 0.36606249999999996 0.00977083333333334 0.08821874999999996
73 0.7307604166666667 0.645 0.02460416666666676 0.09934374999999995
73 0.11091666666666666 0.60753125 0.044166666666666674 0.10021875000000002
73 0.7680937499999999 0.6463984375 0.020479166666666604 0.09889062500000012
73 0.7509062500000001 0.6491875 0.01589583333333333 0.09396874999999993
73 0.14790625 0.7546796875 0.010395833333333326 0.06817187499999999
73 0.49895833333333334 0.5453125 0.9979166666666667 0.83125
