39 0.3325625 0.43460093896713614 0.009812500000000002 0.04629107981220659
45 0.5276015625 0.6166197183098592 0.08032812500000008 0.05882629107981219
45 0.5255390625 0.5028169014084507 0.111328125 0.07140845070422536
68 0.4290703125 0.29350938967136153 0.145390625 0.11800469483568077
69 0.42374218750000003 0.545481220657277 0.14423437500000008 0.15889671361502355
71 0.123296875 0.4642723004694836 0.22334375 0.027605633802816887
45 0.040382812500000004 0.4328051643192488 0.054046875 0.05678403755868544
46 0.534140625 0.5012089201877934 0.026499999999999968 0.04420187793427227
46 0.5400625000000001 0.4946126760563381 0.04034375000000001 0.05086854460093898
73 0.5270078125 0.7604342723004694 0.08032812500000003 0.06889671361502359
73 0.5291484375 0.8032511737089201 0.07429687500000004 0.027206572769952975
69 0.43005468750000003 0.29815727699530514 0.14060937500000004 0.1261267605633803
