56 0.7971666666666666 0.6486093749999999 0.11983333333333335 0.1088437499999999
0 0.44894791666666667 0.5638046875 0.45343749999999994 0.455734375
0 0.4044895833333333 0.367859375 0.2097291666666667 0.35056250000000005
0 0.64009375 0.446484375 0.19789583333333338 0.44334375000000004
0 0.7357916666666666 0.5463046875 0.2905416666666667 0.43689062500000003
38 0.7483958333333333 0.5332578125 0.26283333333333325 0.07039062500000004
38 0.5858333333333333 0.48709375 0.21470833333333345 0.06125000000000003
38 0.34272916666666664 0.5486875 0.12045833333333333 0.029031250000000064
38 0.44667708333333334 0.44860156249999994 0.11393750000000002 0.0678281249999999
56 0.3501458333333333 0.6681484375 0.23233333333333328 0.17667187500000003
