0 0.12884375 0.72403125 0.2576875 0.5101249999999999
0 0.799625 0.1853984375 0.40075000000000005 0.361796875
41 0.23062499999999997 0.8386718750000002 0.07133333333333333 0.057937500000000086
45 0.8914375 0.5216796875 0.13250000000000006 0.06776562499999994
45 0.40734375 0.2815625 0.13839583333333338 0.07603125
39 0.5542812500000001 0.2895625 0.0583125000000001 0.08209374999999997
39 0.5850520833333334 0.2826640625 0.034229166666666755 0.10007812499999999
48 0.2061458333333333 0.3816484375 0.16041666666666662 0.06848437499999999
48 0.4497083333333333 0.37909375 0.13 0.04512499999999997
56 0.35044791666666664 0.1930859375 0.5338958333333332 0.15376562499999996
48 0.69075 0.3912265625 0.11591666666666667 0.045734374999999994
48 0.5568645833333332 0.42557812500000003 0.13193749999999993 0.05871875000000004
48 0.43894791666666666 0.4245078125 0.13172916666666662 0.06276562499999999
48 0.5746041666666667 0.3776484375 0.12137500000000001 0.04551562499999995
48 0.67840625 0.43388281250000005 0.12189583333333331 0.060140625
48 0.29032291666666665 0.34427343749999995 0.1261875 0.07560937499999998
26 0.15290625 0.502328125 0.3058125 0.23750000000000004
