57 0.4754609375 0.6066745283018868 0.622515625 0.7629245283018868
0 0.42876562499999993 0.5108608490566038 0.4734374999999999 0.5415801886792453
0 0.5839531250000001 0.46333726415094345 0.46462500000000007 0.48417452830188684
63 0.39061718749999996 0.5149764150943397 0.193140625 0.18551886792452832
63 0.619328125 0.4865212264150943 0.09231249999999991 0.12808962264150942
65 0.761609375 0.7443160377358491 0.09503125000000012 0.06707547169811323
65 0.7179609375 0.7450589622641509 0.07242187500000008 0.06459905660377352
41 0.58328125 0.7487971698113207 0.04746875000000006 0.11051886792452825
45 0.532828125 0.8237146226415095 0.12431249999999999 0.10422169811320758
56 0.9160390624999999 0.34271226415094336 0.111234375 0.3394339622641509
41 0.626109375 0.7751415094339622 0.03618750000000004 0.1100471698113209
