9 0.2367083333333333 0.6456171875000001 0.2540833333333333 0.41707812500000013
9 0.5287499999999999 0.6271015624999999 0.233875 0.392390625
0 0.9802708333333333 0.4888671875 0.03945833333333337 0.211390625
0 0.7938229166666666 0.49128906250000004 0.02039583333333328 0.05054687500000005
0 0.8488333333333333 0.4876796875 0.021208333333333385 0.04901562500000001
7 0.22172916666666664 0.4584296875 0.4374583333333333 0.15729687500000006
7 0.7849999999999999 0.4796484375 0.06545833333333329 0.053078124999999976
0 0.8639583333333334 0.49150000000000005 0.02429166666666671 0.04128124999999999
0 0.8957187499999999 0.487078125 0.013229166666666736 0.029750000000000054
0 0.9266354166666667 0.48645312500000004 0.018187500000000023 0.03403125000000001
7 0.6550624999999999 0.4931875 0.23295833333333327 0.17199999999999993
0 0.9598645833333332 0.489796875 0.019937500000000052 0.031343750000000004
0 0.7678750000000001 0.48457031250000004 0.016291666666666704 0.03876562499999997
0 0.9374166666666667 0.48089062499999996 0.0060833333333334405 0.015625
