0 0.883796875 0.6170960187353629 0.15134375 0.7062763466042155
0 0.47785156250000005 0.6677868852459017 0.16829687500000007 0.378384074941452
0 0.3473515625 0.6682201405152224 0.094609375 0.3528337236533957
0 0.06221875 0.5327400468384075 0.1244375 0.9123653395784543
29 0.412 0.7512177985948478 0.05006250000000001 0.07714285714285718
29 0.5770859375 0.7217096018735363 0.029609374999999938 0.008337236533957793
29 0.5064140625 0.7222248243559719 0.030796875 0.017423887587821985
29 0.6059218749999999 0.6648009367681499 0.028531250000000008 0.01320843091334889
32 0.41321093750000004 0.7505152224824356 0.05067187499999998 0.07166276346604217
13 0.702453125 0.695 0.23571874999999998 0.05468384074941457
0 0.7304375000000001 0.6454449648711944 0.20274999999999999 0.6831147540983606
