62 0.12171875000000001 0.39526932084309135 0.17731250000000004 0.22524590163934433
57 0.7611640625 0.7268735362997658 0.32857812499999994 0.516135831381733
56 0.6085625 0.4285714285714286 0.17634375000000002 0.23185011709601877
73 0.8919765625 0.1449648711943794 0.011546874999999956 0.07058548009367682
73 0.8708515625 0.14675644028103046 0.01267187500000011 0.06199063231850119
73 0.8273281250000002 0.14570257611241216 0.0075312500000001 0.058056206088992965
73 0.7891796874999999 0.293384074941452 0.007609375000000029 0.057306791569086635
73 0.8106171875 0.29350117096018735 0.011984374999999936 0.0662529274004684
73 0.820359375 0.2976112412177986 0.013281250000000022 0.05892271662763465
73 0.8684296875 0.30336065573770493 0.01814062500000002 0.05903981264637004
73 0.8984140625 0.30158079625292744 0.014390625000000101 0.05978922716627638
63 0.77434375 0.912576112412178 0.10606249999999995 0.14571428571428569
65 0.5056953125 0.6407494145199064 0.033703124999999945 0.03213114754098367
67 0.782171875 0.9307728337236534 0.03343750000000001 0.0312880562060891
73 0.8145 0.44728337236533955 0.015000000000000013 0.06651053864168621
73 0.8443984375 0.30035128805620603 0.046296875000000015 0.0627166276346604
73 0.8371640625000001 0.14426229508196722 0.014171875000000056 0.07105386416861827
73 0.9123984374999999 0.14662763466042153 0.015671875000000002 0.06454332552693208
74 0.28892968750000003 0.16771662763466044 0.028859374999999965 0.0598360655737705
56 0.141984375 0.8838173302107728 0.19209375 0.2323653395784544
73 0.8796953125000001 0.14646370023419203 0.009578124999999993 0.06721311475409836
73 0.59765625 0.2810304449648712 0.6828125 0.3981264637002342
