0 0.40812000000000004 0.6193679775280899 0.1748 0.41890449438202243
0 0.16796000000000003 0.6867977528089888 0.28448 0.39050561797752803
0 0.24873 0.3274157303370786 0.06350000000000003 0.1350561797752809
0 0.89777 0.4090730337078652 0.16422000000000003 0.24769662921348318
0 0.13339 0.7558707865168539 0.14722 0.17971910112359546
34 0.5343600000000001 0.4074859550561798 0.10172000000000009 0.08890449438202247
35 0.46491 0.45202247191011236 0.04042000000000001 0.029606741573033668
35 0.26039999999999996 0.335997191011236 0.020040000000000002 0.022275280898876426
0 0.45127 0.13412921348314608 0.018939999999999957 0.020056179775280916
35 0.95019 0.3976123595505618 0.02513999999999994 0.026235955056179816
0 0.9280600000000001 0.12849719101123594 0.01871999999999996 0.032612359550561784
0 0.70445 0.09588483146067417 0.019259999999999944 0.04474719101123596
0 0.7978700000000001 0.12695224719101122 0.01858000000000004 0.036825842696629224
