58 0.2729313725490196 0.6276953125 0.14307843137254905 0.10392187500000005
58 0.21127450980392154 0.5935703125 0.10407843137254899 0.11876562499999999
62 0.6933627450980393 0.2731796875 0.24139215686274518 0.167796875
57 0.22572549019607843 0.5676640625 0.45145098039215686 0.23554687500000004
74 0.9055588235294117 0.3327109375 0.03813725490196074 0.02873437499999998
56 0.8448137254901961 0.6261249999999999 0.31037254901960787 0.29278125
58 0.9285686274509805 0.422296875 0.06678431372549021 0.05193749999999997
58 0.5235882352941177 0.4034921875 0.04447058823529415 0.02901562499999999
58 0.48193137254901963 0.3299296875 0.036803921568627496 0.032828124999999986
73 0.9751176470588235 0.443609375 0.0326274509803921 0.05962500000000004
73 0.9227254901960784 0.458984375 0.058431372549019645 0.022499999999999964
