39 0.518859375 0.8157395833333333 0.09375 0.3405208333333334
39 0.6894218750000001 0.7442500000000001 0.07700000000000007 0.3702500000000001
39 0.9031796875 0.7784166666666668 0.09126562500000002 0.4230833333333335
56 0.6333515625 0.5553229166666667 0.11501562500000007 0.2323541666666667
56 0.9791796875000001 0.5903541666666666 0.04164062499999999 0.3169166666666667
56 0.494375 0.4815625 0.020437499999999942 0.09325
0 0.3201015625 0.5123854166666667 0.42060937499999995 0.6734375
40 0.114734375 0.8286666666666667 0.08940624999999998 0.30129166666666674
40 0.92434375 0.9469479166666667 0.10746874999999989 0.10610416666666667
40 0.288203125 0.8816458333333332 0.09437499999999999 0.20899999999999996
41 0.20508593750000004 0.889375 0.06848437500000001 0.1778333333333334
41 0.56078125 0.8434166666666667 0.03587499999999988 0.2306666666666667
45 0.391859375 0.9045 0.17359375000000005 0.1595416666666667
39 0.981265625 0.7657916666666666 0.03746875000000005 0.43141666666666667
41 0.9250703124999999 0.9477083333333334 0.105515625 0.10458333333333336
41 0.9275781250000001 0.88375 0.07709375000000007 0.048833333333333284
60 0.0911015625 0.8951145833333334 0.182203125 0.20906250000000004
41 0.422828125 0.9826145833333333 0.08328124999999997 0.034770833333333306
56 0.925625 0.46799999999999997 0.07628125000000008 0.046374999999999944
0 0.7785 0.5097916666666666 0.39756250000000015 0.6033333333333333
