2 0.5093515625 0.5639895833333333 0.05389062499999997 0.07406250000000003
3 0.7138828125000001 0.6004479166666667 0.03829687500000001 0.07147916666666665
3 0.7365234375 0.5701458333333334 0.013640624999999962 0.04783333333333328
3 0.5245390625 0.6695520833333334 0.08373437499999997 0.16864583333333338
3 0.6515234375000001 0.6165 0.03895312500000003 0.09366666666666668
3 0.714859375 0.5476041666666667 0.016000000000000014 0.028874999999999984
5 0.6205 0.5234895833333333 0.17534375000000002 0.18485416666666665
0 0.52990625 0.62790625 0.07690625000000006 0.18627083333333339
0 0.6501171875 0.5793958333333333 0.04639062499999991 0.10158333333333336
0 0.7374765624999999 0.5505520833333333 0.019640624999999967 0.06752083333333336
0 0.5276093749999999 0.5983333333333334 0.026281249999999923 0.04037499999999994
0 0.7199843749999999 0.5729375000000001 0.03324999999999989 0.09058333333333335
0 0.8674609375 0.5683645833333333 0.032109374999999996 0.12643749999999998
0 0.9089921874999999 0.5693333333333332 0.029515624999999934 0.10491666666666666
24 0.8672578125000001 0.5560104166666666 0.0222031250000001 0.06385416666666666
0 0.9438359375 0.5682499999999999 0.042390625000000015 0.11458333333333337
0 0.6662265624999999 0.57953125 0.01889062499999994 0.09435416666666663
0 0.8998437499999999 0.5431770833333334 0.019156249999999986 0.0836041666666667
0 0.561015625 0.5959375 0.029999999999999916 0.12483333333333335
0 0.36325 0.5603854166666666 0.017562500000000036 0.03214583333333332
0 0.6452734375 0.5607708333333333 0.01670312500000004 0.01704166666666662
