30 0.32078125 0.6401859956236324 0.28293750000000006 0.044529540481400454
30 0.19796875000000003 0.5295185995623632 0.10246875000000003 0.017024070021881776
30 0.6545 0.6054048140043764 0.2009375 0.014660831509846761
0 0.8103359375 0.4337089715536105 0.14120312499999987 0.332582056892779
0 0.2855390625 0.4253610503282276 0.24376562499999999 0.4307221006564552
0 0.3492890625 0.4122210065645514 0.03132812500000004 0.17100656455142232
0 0.42007812499999997 0.3478118161925602 0.05784375000000003 0.19080962800875279
0 0.17350781249999997 0.38868708971553606 0.08020312499999996 0.3053391684901531
0 0.044929687499999996 0.399617067833698 0.08985937499999999 0.4089934354485776
0 0.36326562500000004 0.45241794310722094 0.0859375 0.24842450765864327
0 0.459265625 0.4588183807439825 0.11981249999999993 0.2639824945295404
0 0.5056953125 0.4309299781181619 0.048328125 0.22947483588621442
0 0.598484375 0.4107658643326039 0.07012499999999999 0.2887964989059081
0 0.643921875 0.4226586433260394 0.10128124999999999 0.3392341356673961
0 0.38157031250000006 0.33413566739606126 0.036234374999999985 0.10853391684901531
30 0.16765625 0.524070021881838 0.06484375000000003 0.010153172866520732
30 0.8330546875 0.595929978118162 0.16507812499999996 0.01522975929978121
30 0.053804687500000004 0.5948796498905908 0.07098437499999999 0.025470459518599498
30 0.651921875 0.5565317286652078 0.18540624999999988 0.012757111597374249
30 0.4710078125 0.6302844638949672 0.04473437499999999 0.013435448577680531
30 0.36245312499999993 0.5723522975929978 0.08240624999999996 0.030831509846827143
