18 0.3367890625 0.6312604166666667 0.08335937500000001 0.13372916666666657
18 0.5077109375 0.6758958333333334 0.06457812499999993 0.08987499999999993
18 0.587203125 0.6856770833333333 0.06784374999999998 0.06118749999999995
18 0.120640625 0.6514270833333333 0.04753125000000001 0.04264583333333327
18 0.7774453125 0.5834895833333333 0.03242187499999993 0.033354166666666685
18 0.4703046875 0.6554270833333333 0.07482812499999997 0.04089583333333324
18 0.544421875 0.58565625 0.031593749999999976 0.020895833333333225
18 0.553484375 0.6893854166666666 0.04181250000000003 0.0420625
18 0.5351015625 0.5530312500000001 0.03185937500000002 0.04210416666666672
18 0.5309375000000001 0.5762916666666666 0.03293749999999995 0.022249999999999992
18 0.1520234375 0.66025 0.07489062499999999 0.03916666666666668
18 0.493703125 0.5736041666666667 0.04353125000000002 0.018874999999999975
18 0.6356718749999999 0.5888958333333334 0.033031249999999956 0.014083333333333337
18 0.60078125 0.625 0.7578125 0.22916666666666674
