39 0.36382031249999996 0.4087025948103793 0.011578124999999995 0.06802395209580842
72 0.75121875 0.4551596806387226 0.23871874999999998 0.542614770459082
44 0.5510781249999999 0.35558882235528944 0.009093750000000012 0.010618762475049892
68 0.45409374999999996 0.2848203592814371 0.17621875000000004 0.1282435129740519
69 0.4662890625 0.5373852295409182 0.195171875 0.35824351297405194
71 0.15265625 0.5380738522954093 0.16999999999999998 0.0979041916167665
43 0.32325 0.38157684630738525 0.008906250000000004 0.059600798403193656
43 0.3377578125 0.36936127744510977 0.01785937500000001 0.046467065868263435
43 0.3617578125 0.40875249500998 0.002953125000000001 0.01726546906187626
44 0.5574531250000001 0.37025948103792417 0.014343749999999988 0.025668662674650733
43 0.3600390625 0.3780239520958084 0.0057656249999999964 0.02578842315369262
43 0.34871093750000004 0.3838922155688623 0.005546875000000007 0.027944111776447123
43 0.3413984375 0.36952095808383234 0.007921875000000023 0.03808383233532936
