36 0.6157462686567164 0.774890625 0.5381449893390191 0.40178125
0 0.44976545842217486 0.4515703125 0.8872921108742005 0.903140625
0 0.5962473347547974 0.8671171875 0.38110874200426437 0.24548437499999998
0 0.8797334754797441 0.9500859375 0.14970149253731346 0.09982812499999993
0 0.8349680170575693 0.9491796875 0.08724946695095959 0.10164062499999993
0 0.2668123667377399 0.940671875 0.05537313432835822 0.10187500000000005
0 0.29726012793176976 0.9498203125 0.06236673773987211 0.10035937500000003
0 0.22711087420042642 0.9411640625000001 0.05281449893390189 0.11767187499999987
0 0.11667377398720682 0.9121796875 0.12682302771855009 0.175640625
0 0.7513006396588486 0.9674140625000001 0.024520255863539453 0.029203125000000107
0 0.35147121535181236 0.935625 0.08439232409381658 0.12874999999999992
0 0.030437100213219617 0.8895859374999999 0.060874200426439234 0.180546875
