2 0.35342 0.70005 0.28591999999999995 0.2590999999999999
2 0.7691600000000001 0.6629125 0.22899999999999998 0.182975
2 0.61822 0.6344875 0.1285599999999999 0.09487500000000004
2 0.55648 0.61965 0.06235999999999997 0.055400000000000005
2 0.47043999999999997 0.632325 0.06411999999999995 0.1281000000000001
2 0.5 0.913875 1.0 0.1722499999999999
2 0.023 0.735125 0.042679999999999996 0.18724999999999992
9 0.19798 0.42335 0.010279999999999984 0.041100000000000025
9 0.28979 0.4234125 0.01529999999999998 0.040324999999999944
9 0.10505 0.4240875 0.012219999999999995 0.04152499999999992
9 0.6248699999999999 0.4991 0.008140000000000036 0.023849999999999927
9 0.37953000000000003 0.533725 0.006940000000000002 0.01759999999999995
9 0.4211 0.5360125 0.007399999999999962 0.02057500000000001
9 0.60055 0.505875 0.010099999999999998 0.02200000000000002
2 0.13501 0.6595249999999999 0.23713999999999996 0.18414999999999992
9 0.4605 0.53775 0.00935999999999998 0.019650000000000056
9 0.27094 0.3897125 0.018880000000000008 0.02552500000000002
9 0.011260000000000001 0.5039 0.01304 0.029799999999999938
9 0.02489 0.509875 0.007059999999999997 0.02204999999999996
9 0.03919 0.5151375 0.009579999999999998 0.021925000000000083
2 0.24512 0.6100375 0.07891999999999999 0.06472500000000003
