17 0.55724 0.7190364583333333 0.08276000000000006 0.08270833333333327
0 0.75512 0.8183203125 0.04275999999999991 0.17960937500000007
0 0.56078 0.801484375 0.039959999999999996 0.1394270833333333
0 0.47019999999999995 0.7949999999999999 0.03171999999999997 0.13552083333333342
0 0.42455 0.7567187500000001 0.022419999999999995 0.08286458333333335
0 0.36391 0.7405208333333334 0.016979999999999995 0.05572916666666661
0 0.27913 0.7590494791666665 0.019459999999999977 0.09966145833333329
0 0.23266 0.7494791666666667 0.013880000000000003 0.07098958333333338
0 0.77223 0.7985677083333333 0.033259999999999956 0.14036458333333324
0 0.65933 0.7466145833333333 0.021619999999999973 0.08901041666666665
0 0.31984999999999997 0.7347265625 0.01930000000000004 0.0688802083333333
13 0.16788000000000003 0.73609375 0.02696000000000001 0.023802083333333335
58 0.87564 0.50328125 0.034600000000000075 0.040364583333333315
58 0.82236 0.5149479166666666 0.06768000000000007 0.04026041666666663
0 0.7121299999999999 0.7953776041666667 0.03978000000000004 0.1538802083333335
58 0.91561 0.4993619791666667 0.045539999999999914 0.03539062500000001
