4 0.48828125000000006 0.5599837662337662 0.9700625000000002 0.505616883116883
0 0.9014765625000001 0.7101298701298702 0.03217187500000007 0.14227272727272722
0 0.7475156249999999 0.7018181818181818 0.015281250000000024 0.07935064935064928
0 0.871609375 0.7073538961038961 0.023562500000000042 0.11522727272727273
0 0.9409296875000001 0.6974837662337662 0.017921875000000087 0.11568181818181822
0 0.9277734375 0.7136363636363636 0.020296875000000103 0.12136363636363634
0 0.7202500000000001 0.70112012987013 0.01693749999999994 0.07237012987012992
0 0.015234375000000001 0.6818344155844156 0.008781249999999999 0.051980519480519405
0 0.6837500000000001 0.7021266233766233 0.013031249999999939 0.0677597402597403
7 0.0948984375 0.6611688311688312 0.03848437499999999 0.0790909090909091
7 0.16214062499999998 0.6571103896103896 0.038468750000000024 0.07012987012987015
0 0.8860625 0.7020779220779221 0.014937499999999937 0.11383116883116884
0 0.9202812499999999 0.706737012987013 0.012562499999999921 0.11639610389610389
0 0.696265625 0.6976948051948051 0.014874999999999972 0.07532467532467535
0 0.1437265625 0.6777435064935065 0.008109375000000002 0.04074675324675325
0 0.14385156249999997 0.677987012987013 0.007921874999999995 0.0407142857142857
