0 0.144296875 0.67359375 0.23153124999999997 0.36689583333333337
0 0.3098515625 0.44051041666666657 0.127046875 0.2983124999999999
0 0.40071875 0.4315208333333333 0.055343750000000025 0.23024999999999995
0 0.6483671875 0.4930833333333333 0.11482812500000006 0.30837500000000007
0 0.8571406250000001 0.44285416666666666 0.1510625000000001 0.2857083333333333
32 0.5884218750000001 0.3811875 0.012249999999999983 0.013958333333333295
32 0.43838281250000005 0.34008333333333335 0.01395312500000001 0.017708333333333326
0 0.15135156249999998 0.6235833333333334 0.09829687499999999 0.28954166666666664
2 0.8282734374999999 0.10417708333333334 0.10723437499999999 0.03331250000000001
32 0.9414374999999999 0.6310729166666667 0.04496874999999989 0.058229166666666554
34 0.4608515625 0.35819791666666667 0.07085937500000006 0.026562500000000044
2 0.940859375 0.1428229166666667 0.09165625 0.0241875
38 0.3646796875 0.51828125 0.07123437500000002 0.12189583333333331
