3 0.5139453125 0.5277166276346604 0.847828125 0.798384074941452
0 0.2268125 0.21617096018735366 0.14287500000000003 0.4323419203747073
0 0.11484375 0.24496487119437937 0.10468749999999999 0.4847775175644028
0 0.6873828125000001 0.15721311475409838 0.13614062500000002 0.3094145199063232
0 0.4271953125 0.07669789227166277 0.07264062500000001 0.15339578454332553
0 0.5614375 0.15601873536299768 0.15115625 0.31203747072599536
0 0.039242187500000004 0.24197892271662763 0.07492187500000001 0.48395784543325526
27 0.1050546875 0.17010538641686185 0.02545312499999998 0.19562060889929744
28 0.87634375 0.46403981264637006 0.12443749999999998 0.22695550351288057
0 0.4496484375 0.12012880562060892 0.09876562499999997 0.23955503512880563
0 0.7582421875 0.16190866510538643 0.02495312500000013 0.15702576112412178
