0 0.061984375 0.6352462121212121 0.12396875 0.3373106060606061
0 0.143765625 0.5894128787878788 0.11628125000000002 0.335719696969697
0 0.9022187500000001 0.9036174242424242 0.14271875000000012 0.1927651515151515
0 0.2418359375 0.4001136363636364 0.11204687499999999 0.4745454545454546
0 0.37098437500000003 0.40136363636363637 0.08412500000000006 0.32765151515151514
0 0.38793750000000005 0.5546212121212121 0.12356249999999996 0.2854545454545454
0 0.44028124999999996 0.44871212121212123 0.08756250000000004 0.4235606060606061
0 0.9230156249999999 0.6407575757575757 0.1514375 0.3738636363636363
0 0.5093671875000001 0.5449431818181818 0.08992187500000004 0.26738636363636364
0 0.5849765625000001 0.4343749999999999 0.06157812500000004 0.30761363636363626
0 0.608234375 0.5667613636363636 0.13387499999999997 0.3355681818181819
27 0.154921875 0.6766666666666667 0.03318750000000001 0.1753787878787879
27 0.26847656249999996 0.6049242424242425 0.01273437500000002 0.07969696969696971
27 0.6803125 0.5641856060606061 0.019437499999999996 0.09875
27 0.9277499999999999 0.7033901515151515 0.016656249999999928 0.12117424242424246
27 0.374234375 0.3838446969696969 0.007750000000000035 0.06450757575757576
27 0.5180078124999999 0.432594696969697 0.028515625000000044 0.18950757575757576
27 0.754859375 0.38740530303030307 0.010593749999999957 0.11776515151515149
27 0.840484375 0.34537878787878784 0.010906250000000117 0.121969696969697
41 0.1501796875 0.7984280303030302 0.023734374999999974 0.06420454545454535
41 0.020265625 0.8337689393939394 0.026 0.07450757575757572
41 0.3584765625 0.7215719696969698 0.020859375000000013 0.0655681818181818
41 0.5231718750000001 0.6915719696969698 0.03012500000000007 0.05549242424242429
41 0.6062421874999999 0.7117613636363638 0.019703125000000044 0.05549242424242429
41 0.7036015624999999 0.7421401515151516 0.017265625000000062 0.09231060606060604
27 0.38167968750000003 0.6329734848484848 0.012609374999999978 0.1036742424242425
27 0.605625 0.6193371212121213 0.016312499999999952 0.13200757575757582
27 0.2359765625 0.3209090909090909 0.019859375000000012 0.0721969696969697
63 0.2284375 0.7164962121212122 0.09543750000000001 0.14049242424242425
0 0.9643828125 0.46412878787878786 0.029234375000000035 0.10136363636363632
0 0.27160937500000004 0.5921969696969697 0.1275 0.3896212121212121
41 0.48446093749999997 0.6813636363636364 0.01723437499999997 0.03916666666666668
0 0.73046875 0.5340909090909091 0.5359375 0.7575757575757576
