58 0.9402830188679245 0.185359375 0.11627358490566031 0.12506250000000002
58 0.8153419811320755 0.1246875 0.1478537735849056 0.13690625
39 0.584068396226415 0.47122656249999995 0.027900943396226396 0.05276562499999998
41 0.446875 0.503359375 0.05459905660377362 0.03250000000000003
69 0.943502358490566 0.748015625 0.11299528301886796 0.39634375
41 0.4436202830188679 0.45692187500000003 0.05483490566037735 0.03481250000000008
41 0.42042452830188676 0.48110937500000006 0.03363207547169811 0.030843750000000003
41 0.4125 0.5048671875 0.013207547169811318 0.022328125000000032
41 0.41311320754716974 0.44600000000000006 0.01278301886792449 0.016468750000000032
41 0.45587264150943396 0.481421875 0.037075471698113205 0.026437500000000058
44 0.864316037735849 0.43190625 0.019622641509433936 0.020625000000000004
43 0.843502358490566 0.4526171875 0.03426886792452821 0.01542187500000003
43 0.8489150943396226 0.44443750000000004 0.021509433962264124 0.01315624999999998
43 0.8484905660377358 0.43690624999999994 0.02820754716981133 0.018687499999999968
43 0.8425707547169812 0.446890625 0.03391509433962259 0.019718750000000007
58 0.5300943396226414 0.1766328125 0.07636792452830188 0.022328125000000004
41 0.5260613207547169 0.49753125 0.04014150943396222 0.027500000000000024
