14 0.4716328125 0.8631147540983606 0.00773437499999996 0.01901639344262296
14 0.33094531250000003 0.8040046838407495 0.008265624999999999 0.022950819672131195
14 0.404421875 0.8695433255269321 0.015968749999999976 0.026112412177985878
14 0.56678125 0.793103044496487 0.016593749999999963 0.02241217798594841
14 0.523171875 0.8182084309133488 0.013062499999999977 0.020679156908665064
14 0.2080546875 0.9556088992974239 0.022328125000000004 0.03449648711943798
14 0.163046875 0.9295901639344262 0.017406250000000012 0.02770491803278685
14 0.12317187499999999 0.9380444964871195 0.013812499999999991 0.02484777517564407
14 0.49160156250000003 0.8820374707259953 0.008453125000000061 0.016440281030444925
33 0.31735156249999996 0.29111241217798595 0.03739062500000001 0.0689695550351288
0 0.292296875 0.5877634660421546 0.010906250000000006 0.02489461358313827
0 0.1806953125 0.5719320843091336 0.006140625000000011 0.01379391100702565
0 0.1340703125 0.5621779859484777 0.005796875000000007 0.008524590163934365
0 0.6906796875000001 0.5857142857142857 0.008109374999999974 0.01779859484777524
0 0.44353125000000004 0.5605152224824356 0.00918749999999996 0.012599531615925086
0 0.30640625 0.5565925058548009 0.006562500000000027 0.012576112412177931
14 0.0986796875 0.9640515222482435 0.020421874999999992 0.029180327868852385
33 0.241203125 0.4579156908665105 0.02640625000000002 0.03934426229508198
33 0.42864843750000003 0.45913348946135835 0.011265625000000001 0.029274004683840782
33 0.6331249999999999 0.44982435597189696 0.020062499999999872 0.017072599531615884
33 0.0235234375 0.5118501170960187 0.0038281250000000017 0.007259953161592447
33 0.463484375 0.46368852459016396 0.016249999999999987 0.02489461358313816
33 0.2692109375 0.4929859484777518 0.008171874999999995 0.010234192037470724
33 0.2925390625 0.49523419203747077 0.006859375000000001 0.010000000000000009
33 0.3214296875 0.49812646370023417 0.0069531250000000044 0.01044496487119434
33 0.26426562499999995 0.4411592505854801 0.02262499999999995 0.03004683840749417
33 0.397296875 0.5096135831381733 0.013656249999999925 0.013231850117096045
0 0.559859375 0.5603395784543326 0.007093750000000121 0.010889929742388782
14 0.7479296875 0.7919555035128806 0.006046875000000007 0.015058548009367678
33 0.754703125 0.44403981264637 0.018718750000000006 0.008501170960187321
33 0.15234375 0.49882903981264637 0.2265625 0.05152224824355972
