0 0.52499 0.6546396396396397 0.061460000000000015 0.2821321321321322
0 0.6184000000000001 0.6637987987987988 0.05815999999999999 0.27
0 0.90267 0.6480330330330331 0.06498000000000004 0.2583483483483484
0 0.16072999999999998 0.6472672672672672 0.09009999999999999 0.29801801801801797
0 0.67718 0.6232582582582582 0.06108000000000002 0.27966966966966966
30 0.17172 0.7937237237237236 0.16724 0.03141141141141135
30 0.8947499999999999 0.7807507507507507 0.17894 0.017597597597597603
30 0.6268099999999999 0.7522372372372372 0.09326000000000001 0.018708708708708666
24 0.1198 0.5571621621621622 0.033280000000000004 0.06315315315315306
0 0.11221 0.6037687687687688 0.08733999999999999 0.2724624624624626
30 0.07457 0.7316216216216216 0.08914 0.015255255255255284
