16 0.21264062499999997 0.6264896073903004 0.0231875 0.02937644341801393
0 0.9925390625 0.5896997690531178 0.014921874999999973 0.0690069284064665
0 0.847953125 0.5902309468822171 0.013406250000000064 0.037321016166281806
0 0.8075703125 0.5963394919168592 0.007765625000000109 0.02002309468822172
0 0.196671875 0.6094110854503465 0.019156249999999986 0.0627944572748268
33 0.7088749999999999 0.40829099307159356 0.014968749999999975 0.03025404157043876
33 0.49547656249999994 0.4905773672055428 0.010203124999999924 0.022909930715935334
33 0.48034375000000007 0.5052424942263279 0.014843749999999989 0.03939953810623553
33 0.2950625 0.47361431870669746 0.012687499999999963 0.012632794457274832
33 0.3073046875 0.4560046189376443 0.015296874999999988 0.017967667436489643
0 0.7008984375 0.5820438799076213 0.010078124999999938 0.030554272517321013
33 0.6432109375000001 0.5120554272517321 0.011890625000000044 0.01833718244803695
33 0.3865078125 0.5051039260969976 0.007546875000000064 0.016212471131639705
33 0.4598515625 0.46236720554272515 0.015734374999999967 0.026166281755196363
33 0.594421875 0.5562586605080833 0.018687499999999968 0.028406466512702067
0 0.7781171874999999 0.5837413394919169 0.003515625000000022 0.013441108545034663
0 0.32736718750000005 0.5896304849884527 0.0030156250000000218 0.013764434180138618
26 0.1846015625 0.6010392609699768 0.010953125000000008 0.02277136258660517
33 0.635921875 0.5466859122401848 0.008343749999999872 0.01725173210161668
33 0.537203125 0.5148267898383372 0.0067187499999999956 0.018521939953810573
33 0.7115703124999999 0.4503464203233256 0.00789062500000004 0.010993071593533466
1 0.933671875 0.6117898383371825 0.04278124999999999 0.029676674364896072
0 0.8225312499999999 0.5889953810623557 0.01721875000000006 0.04598152424942259
0 0.64371875 0.5867321016166283 0.0036875000000000657 0.014387990762124825
33 0.61796875 0.5542725173210161 0.24218749999999994 0.04157043879907618
