14 0.6037746170678338 0.7634765625 0.13617067833698038 0.20460937499999987
14 0.6933588621444201 0.6265390625 0.16260393873085333 0.38039062500000004
14 0.5616739606126915 0.6691875 0.10838074398249453 0.3449062500000001
14 0.4578118161925602 0.5089609375 0.17684901531728658 0.17520312499999996
14 0.4013676148796499 0.5361953125000001 0.19542669584245081 0.27282812500000003
14 0.2541137855579869 0.620484375 0.11150984682713352 0.1899375000000001
14 0.24533916849015316 0.6876484375 0.10984682713347921 0.17907812499999998
14 0.26553610503282277 0.7819218750000001 0.1546608315098468 0.2936249999999999
14 0.4157330415754924 0.6547265625 0.20844638949671773 0.174109375
14 0.5541575492341357 0.9010703124999999 0.4095842450765866 0.11182812500000006
73 0.5651859956236324 0.5045781250000001 0.794398249452954 0.9670937500000001
14 0.3677680525164114 0.8104765625000001 0.077636761487965 0.09773437500000004
58 0.07594091903719911 0.6013046875000001 0.15188183807439823 0.46910937500000005
14 0.40251641137855576 0.764734375 0.2050328227571116 0.07425000000000004
