13 0.9190859375 0.14301767676767677 0.07201562500000003 0.09780303030303028
24 0.42747656250000005 0.24703282828282827 0.048015625000000006 0.04699494949494948
0 0.46162499999999995 0.03791666666666667 0.061906249999999996 0.07583333333333334
0 0.22324218749999997 0.5556818181818182 0.17473437499999997 0.5034343434343435
0 0.5042734375 0.4380429292929293 0.17832812500000006 0.297449494949495
0 0.35643749999999996 0.31676767676767675 0.11765624999999996 0.310959595959596
0 0.2887421875 0.19580808080808082 0.11623437500000003 0.3084343434343435
0 0.4128984375 0.7855555555555556 0.234140625 0.4288888888888889
0 0.8752890625 0.835959595959596 0.20995312500000007 0.3280808080808081
0 0.8683046875 0.5708838383838384 0.19689062499999999 0.34409090909090906
0 0.077171875 0.6303282828282829 0.1515625 0.6179797979797981
0 0.7310468749999999 0.44987373737373737 0.16084374999999984 0.38873737373737377
0 0.2563828125 0.15984848484848485 0.05260937500000004 0.2329292929292929
13 0.4136484375 0.19143939393939394 0.02204687500000002 0.011262626262626252
24 0.474625 0.24720959595959596 0.03775000000000006 0.0370959595959596
32 0.618859375 0.7514141414141415 0.04556250000000006 0.07141414141414149
32 0.612421875 0.6125883838383839 0.03887499999999999 0.06755050505050508
32 0.5923281250000001 0.536300505050505 0.03453125000000001 0.05674242424242426
32 0.5810624999999999 0.4389015151515152 0.03137499999999993 0.05002525252525253
32 0.5578828125 0.38237373737373737 0.029328124999999927 0.04712121212121212
32 0.5379140625 0.3170454545454545 0.025609374999999934 0.0414141414141414
32 0.5330078125 0.2755050505050505 0.025734374999999976 0.03843434343434343
32 0.6724609375 0.8465025252525252 0.04885937499999993 0.07800505050505047
32 0.6955078124999999 0.9901136363636364 0.04464062499999999 0.019772727272727275
56 0.5264140625 0.2146843434343434 0.03814062500000004 0.07770202020202019
0 0.880078125 0.3492171717171717 0.15328125000000004 0.3906565656565657
0 0.21088281250000002 0.13734848484848483 0.07704687499999999 0.2262121212121212
32 0.44034375000000003 0.07834595959595961 0.023593750000000024 0.02325757575757577
56 0.792828125 0.11602272727272728 0.029125000000000068 0.07593434343434345
56 0.9683515624999999 0.19787878787878788 0.059578124999999926 0.133989898989899
56 0.39442968749999996 0.24296717171717175 0.005234374999999958 0.015782828282828315
56 0.074359375 0.23183080808080808 0.059875 0.07285353535353536
56 0.4580937500000001 0.19150252525252526 0.05043750000000008 0.07255050505050506
0 0.49921875 0.4255050505050505 0.9984375 0.851010101010101
