13 0.7795468750000001 0.5313466042154567 0.10884375000000002 0.03814988290398125
13 0.5062421875 0.497751756440281 0.09792187499999999 0.029227166276346583
13 0.747734375 0.4773653395784544 0.05631249999999999 0.0679391100702576
35 0.485953125 0.6119906323185011 0.0224375 0.029414519906323155
0 0.22503906249999997 0.6853864168618267 0.06529687499999998 0.24800936768149884
0 0.5077578125 0.6597072599531616 0.048484375000000024 0.24114754098360658
0 0.3733671875 0.6422716627634659 0.06379687500000003 0.24042154566744733
0 0.7113437499999999 0.6693793911007027 0.05190625000000004 0.24288056206088993
0 0.7237890625000001 0.6512646370023419 0.06695312500000006 0.23812646370023427
0 0.9240390625000001 0.724192037470726 0.07360937500000009 0.2608899297423888
0 0.8042421875 0.49247072599531616 0.05876562499999993 0.1196487119437939
0 0.60559375 0.46446135831381735 0.05203124999999997 0.1092505854800937
0 0.369578125 0.4341451990632319 0.07046874999999997 0.14608899297423888
0 0.21875 0.5663700234192037 0.06925 0.1316627634660421
0 0.816546875 0.2590749414519906 0.04056250000000006 0.12156908665105381
0 0.5240546875 0.4657377049180328 0.050359374999999984 0.10735362997658077
35 0.250703125 0.6431850117096019 0.015937499999999993 0.04777517564402811
34 0.9153125000000002 0.6989110070257611 0.0077187500000001075 0.05182669789227168
0 0.2714609375 0.35199063231850114 0.04914062499999999 0.0758782201405152
0 0.5 0.3114754098360656 0.996875 0.6229508196721312
