2 0.1347890625 0.2967916666666667 0.050640624999999995 0.023458333333333303
2 0.040484375 0.3115833333333334 0.08096875 0.08104166666666668
2 0.08451562499999998 0.31254166666666666 0.052687499999999984 0.06387500000000002
38 0.5891484375 0.38916666666666666 0.0777968750000001 0.1429166666666667
0 0.8140468750000001 0.36141666666666666 0.0943750000000001 0.2606666666666667
0 0.353328125 0.4959895833333333 0.18621875000000004 0.6066458333333333
0 0.7239765625 0.36046875 0.03714062499999993 0.26731250000000006
0 0.6825078125 0.5178645833333333 0.15135937499999996 0.5896458333333332
0 0.624515625 0.32452083333333337 0.04515625000000001 0.15400000000000005
0 0.6464609375 0.3236875 0.025890624999999945 0.15141666666666667
0 0.8900703125 0.36203125 0.07439062500000004 0.2786875
0 0.9691484375 0.3632083333333333 0.06170312499999997 0.26720833333333327
0 0.910234375 0.27580208333333334 0.03384374999999995 0.08506250000000001
