39 0.0263125 0.5453541666666667 0.052625 0.16554166666666675
56 0.2235 0.7620520833333333 0.22581250000000003 0.44318749999999996
60 0.09085156250000001 0.7814687499999999 0.18170312500000002 0.4038125
72 0.796453125 0.5236562499999999 0.39359374999999996 0.9324374999999999
45 0.49971875 0.2509895833333333 0.07246875000000003 0.049437499999999995
69 0.5595546874999999 0.5792291666666667 0.11026562499999992 0.38929166666666676
76 0.5317421875 0.12646875 0.014796875000000043 0.06677083333333332
56 0.084125 0.9393437499999999 0.15275 0.12131250000000005
41 0.5450312500000001 0.2613020833333333 0.02546875000000004 0.061145833333333316
45 0.911828125 0.03955208333333333 0.13309375000000012 0.0726875
