0 0.2400625 0.03247816593886463 0.060687500000000005 0.06425764192139738
63 0.2828515625 0.023427947598253274 0.07279687499999998 0.04685589519650655
28 0.3626484375 0.6193668122270742 0.20951562499999993 0.5202620087336245
28 0.4827890625 0.5668558951965066 0.230234375 0.5500436681222707
28 0.693828125 0.5581441048034934 0.18184375000000008 0.5679912663755459
28 0.8674609375 0.5612663755458516 0.17742187499999995 0.4358515283842795
28 0.173375 0.4338755458515284 0.15321875000000001 0.4860917030567685
28 0.4378671875 0.21882096069868995 0.165703125 0.08925764192139737
28 0.7437734375 0.1921288209606987 0.08201562500000004 0.11460698689956333
28 0.079125 0.4823689956331878 0.08309375000000001 0.270589519650655
28 0.3110390625 0.47899563318777294 0.18285937500000002 0.4033187772925764
28 0.40849218750000005 0.2575873362445415 0.11929687500000002 0.0879257641921398
28 0.890109375 0.32471615720524016 0.13990625 0.1415720524017467
28 0.6075859375 0.41450873362445406 0.13420312499999998 0.35779475982532744
56 0.8506015625 0.1884825327510917 0.101609375 0.15229257641921395
56 0.0256796875 0.10485807860262009 0.051359375 0.11076419213973798
56 0.242046875 0.07873362445414848 0.04734375000000002 0.13262008733624456
56 0.6635781250000001 0.138646288209607 0.1201875 0.19240174672489083
56 0.326453125 0.08875545851528382 0.119 0.0876419213973799
56 0.58528125 0.05391921397379913 0.10290624999999998 0.07858078602620089
56 0.4265859375 0.08399563318777292 0.05732812500000006 0.10441048034934497
56 0.8750781249999999 0.17125545851528384 0.11606249999999996 0.2056113537117904
56 0.5675703125 0.15111353711790393 0.13673437500000002 0.15489082969432316
56 0.06278125 0.26524017467248906 0.12299999999999998 0.2980349344978166
56 0.15089843749999998 0.11634279475982533 0.114890625 0.17975982532751092
56 0.7589375 0.08060043668122271 0.09328124999999998 0.09862445414847161
28 0.30116406250000005 0.2502620087336245 0.11476562500000004 0.1103930131004367
56 0.48534375 0.05631004366812227 0.05862500000000004 0.11262008733624454
57 0.837609375 0.05280567685589519 0.09812500000000002 0.08041484716157203
57 0.6539375 0.023482532751091703 0.08515625000000004 0.046965065502183406
56 0.5640625 0.1277292576419214 0.8687499999999999 0.25109170305676853
28 0.4859375 0.40065502183406115 0.675 0.6222707423580786
