62 0.24372 0.48444 0.23268 0.2045599999999999
57 0.58225 0.9016933333333333 0.83226 0.17634666666666665
0 0.37078 0.6764000000000001 0.1382 0.44496000000000013
0 0.15516000000000002 0.6473333333333333 0.15608 0.35818666666666654
0 0.8932599999999999 0.6820133333333334 0.15168000000000004 0.30786666666666673
0 0.6159999999999999 0.6296933333333333 0.11287999999999998 0.37933333333333336
74 0.7108599999999999 0.13149333333333335 0.09616000000000002 0.13632
73 0.04147000000000001 0.29902666666666666 0.01802 0.07287999999999994
73 0.06573 0.29886666666666667 0.02022000000000001 0.07640000000000002
0 0.09411 0.8744133333333333 0.18822 0.25117333333333336
0 0.94024 0.5797866666666667 0.11951999999999996 0.16170666666666667
0 0.9354799999999999 0.7717066666666667 0.12888 0.14069333333333334
56 0.10533000000000001 0.7898933333333333 0.20730000000000004 0.38426666666666665
73 0.05953 0.4745466666666667 0.04938 0.08082666666666671
73 0.39708 0.39068 0.04348000000000002 0.059173333333333356
73 0.39565000000000006 0.46686666666666665 0.039100000000000024 0.05106666666666665
73 0.45763000000000004 0.4709333333333333 0.04481999999999997 0.03802666666666665
73 0.46228 0.30278666666666665 0.010600000000000054 0.05986666666666668
73 0.47412000000000004 0.29901333333333335 0.005160000000000053 0.03466666666666668
73 0.04996 0.21368 0.0061200000000000004 0.059146666666666625
73 0.06049 0.21657333333333334 0.007460000000000001 0.057359999999999994
73 0.06613 0.21706666666666663 0.006139999999999993 0.05834666666666663
73 0.053570000000000007 0.3026133333333333 0.008460000000000002 0.06821333333333329
73 0.043539999999999995 0.38981333333333335 0.005799999999999993 0.05456
58 0.7763800000000001 0.5831733333333333 0.061799999999999966 0.09498666666666677
