0 0.39196093749999994 0.6582291666666666 0.22795312499999992 0.6835416666666667
25 0.4857421875 0.2708020833333334 0.562078125 0.5416041666666668
14 0.2009140625 0.8699479166666666 0.07267187500000002 0.1015208333333334
14 0.844734375 0.8457916666666667 0.07384374999999999 0.14620833333333338
14 0.210390625 0.7903020833333334 0.06774999999999998 0.15127083333333335
14 0.26840624999999996 0.7961145833333334 0.07556249999999995 0.2236041666666666
14 0.7227812499999999 0.747 0.07171874999999994 0.10466666666666669
14 0.8946562499999999 0.85984375 0.07740625000000001 0.17447916666666663
14 0.780546875 0.82065625 0.10065625000000011 0.1404375
14 0.7411875000000001 0.8063750000000001 0.10140625000000003 0.1529583333333333
14 0.64896875 0.7883437500000001 0.10431250000000003 0.15256250000000005
14 0.5211953125 0.77471875 0.07179687499999998 0.14172916666666668
14 0.604765625 0.7284895833333334 0.05146874999999995 0.08810416666666676
14 0.052437500000000005 0.77534375 0.06046875 0.16547916666666662
14 0.15296875 0.7654270833333332 0.049687499999999996 0.18543750000000003
14 0.5015625 0.8135416666666666 0.99375 0.3354166666666666
