39 0.5372890625 0.6663849765258216 0.052359374999999986 0.17539906103286385
39 0.636046875 0.607781690140845 0.02315624999999999 0.11537558685446003
39 0.61990625 0.5976173708920187 0.02068749999999997 0.11284037558685445
39 0.7789140625 0.5648239436619718 0.03173437499999998 0.05622065727699532
0 0.25428125 0.5797769953051644 0.49959375000000006 0.8089906103286385
0 0.4621953125 0.5617957746478873 0.30214062500000005 0.5348122065727701
40 0.4833125 0.7048004694835681 0.03765625000000006 0.13622065727699528
28 0.5549375000000001 0.12921361502347417 0.026937499999999948 0.09213615023474178
28 0.5933671875 0.11386150234741783 0.04039062500000001 0.12063380281690142
28 0.7068515625 0.09008215962441316 0.0314843749999999 0.13288732394366198
28 0.668390625 0.10084507042253521 0.050124999999999975 0.11934272300469484
28 0.7681250000000001 0.08205399061032864 0.029249999999999998 0.09739436619718311
28 0.6274843750000001 0.09550469483568076 0.04037499999999994 0.14157276995305165
28 0.738171875 0.08651408450704226 0.025437500000000002 0.11462441314553991
28 0.797 0.06300469483568075 0.03781250000000003 0.1260093896713615
28 0.5277734375 0.15238262910798123 0.03867187500000002 0.08002347417840378
28 0.5104062500000001 0.10285211267605635 0.061468750000000016 0.05039906103286386
0 0.24027343749999996 0.4995539906103287 0.07064062499999998 0.10971830985915498
0 0.4460859374999999 0.45987089201877934 0.03976562499999997 0.04870892018779338
