0 0.28851562500000005 0.37329812206572766 0.22321875000000008 0.586737089201878
0 0.54321875 0.5075 0.10259375000000004 0.3400704225352113
0 0.7988984374999999 0.5162676056338028 0.143296875 0.38535211267605635
0 0.934140625 0.5408685446009389 0.05046874999999995 0.33140845070422537
0 0.0367265625 0.4695892018779343 0.073453125 0.3873943661971831
36 0.25199218749999996 0.6222417840375587 0.185421875 0.11950704225352105
36 0.7824296875 0.6219131455399061 0.03176562500000002 0.1590845070422534
36 0.557859375 0.6857863849765258 0.052031250000000084 0.02650234741784041
0 0.6360390625 0.5222183098591549 0.09532812499999999 0.3530751173708919
0 0.9787656250000001 0.511349765258216 0.042468749999999944 0.3515258215962442
36 0.6112500000000001 0.6864201877934273 0.030343750000000003 0.026220657276995296
