25 0.1100078125 0.8406979166666668 0.09685937500000001 0.03152083333333333
33 0.15084375 0.4038125 0.05562500000000002 0.040458333333333374
0 0.21399218750000001 0.9052500000000001 0.012984374999999992 0.04654166666666659
25 0.797078125 0.83975 0.03368749999999987 0.014583333333333282
25 0.221375 0.8550208333333333 0.03703124999999999 0.025541666666666685
0 0.4332109375 0.9077395833333335 0.013484374999999993 0.060395833333333315
0 0.7302187499999999 0.9212708333333334 0.06587500000000002 0.15745833333333326
0 0.67865625 0.9261666666666667 0.046499999999999986 0.1476666666666666
0 0.845640625 0.8685 0.013218750000000057 0.03799999999999992
0 0.1716640625 0.93115625 0.012640625000000016 0.07177083333333334
0 0.8364765624999999 0.9215625000000001 0.05214062499999994 0.15595833333333342
0 0.6516484375 0.9424166666666667 0.03926562500000008 0.11516666666666664
0 0.6039921875 0.913375 0.02032812499999992 0.036666666666666736
0 0.5218828125000001 0.9428020833333333 0.03579687500000006 0.11439583333333336
0 0.270984375 0.9109791666666667 0.019406249999999958 0.06466666666666665
33 0.2565234375 0.34686458333333337 0.04935937500000001 0.024645833333333367
33 0.7139921874999999 0.12328125 0.02654687500000008 0.026770833333333327
0 0.226203125 0.9115312500000001 0.020124999999999976 0.07056249999999997
33 0.7846484375 0.57003125 0.01917187500000006 0.016312499999999952
33 0.8906640625000001 0.6338645833333334 0.020421875000000034 0.010187499999999905
33 0.6766874999999999 0.7226875 0.013499999999999956 0.007624999999999993
33 0.45221093749999997 0.6545729166666667 0.010296874999999928 0.01056250000000003
33 0.44963281250000003 0.7502395833333333 0.011234375000000019 0.015645833333333248
33 0.87334375 0.7127395833333333 0.01781250000000001 0.016520833333333318
33 0.60521875 0.3153125 0.01259374999999996 0.009750000000000036
33 0.6974374999999999 0.018114583333333333 0.01634374999999999 0.01685416666666667
33 0.5917734374999999 0.4903229166666667 0.011421875000000026 0.020520833333333377
33 0.255859375 0.6946354166666666 0.015031250000000024 0.014812500000000006
0 0.4803046875 0.8865833333333333 0.005265624999999996 0.012124999999999941
0 0.46953124999999996 0.9229166666666666 0.6796875 0.15000000000000002
33 0.58359375 0.7239583333333334 0.8265625 0.2729166666666667
