62 0.5030859375000001 0.33529166666666665 0.26235937500000006 0.2757083333333334
56 0.6846796875000001 0.8408645833333334 0.3467656250000002 0.2924791666666666
67 0.1396875 0.8733125 0.08987499999999998 0.04774999999999996
67 0.1021796875 0.9700208333333333 0.071796875 0.059958333333333225
41 0.23578906249999998 0.7161145833333333 0.04907812499999997 0.10106249999999994
63 0.562921875 0.6045 0.28653125 0.3056249999999999
64 0.7128359375 0.6235104166666666 0.048484375000000024 0.05522916666666666
62 0.9134921874999999 0.5130416666666666 0.173015625 0.255125
65 0.8031875 0.6208229166666667 0.06343750000000004 0.05652083333333335
65 0.82115625 0.6025520833333333 0.08862499999999995 0.07543750000000005
0 0.9441015625 0.5326875 0.1117968749999999 0.19008333333333333
0 0.8999218749999999 0.5593125000000001 0.034062499999999885 0.06854166666666661
0 0.8739687500000001 0.5651354166666667 0.05003124999999997 0.13114583333333335
0 0.943921875 0.525375 0.027593749999999972 0.03887499999999999
0 0.9138203125 0.5319791666666667 0.021671875000000007 0.047083333333333366
