25 0.2953958333333333 0.036414062500000004 0.5907916666666666 0.071578125
25 0.7766770833333334 0.053000000000000005 0.4466458333333333 0.10600000000000001
0 0.24375 0.3021171875 0.24512499999999998 0.43773437499999995
0 0.3629375 0.21487499999999998 0.10658333333333331 0.16912499999999997
0 0.8517395833333334 0.25407031249999995 0.14214583333333342 0.25192187499999996
0 0.9437916666666667 0.272953125 0.11241666666666661 0.28071874999999996
0 0.7646354166666667 0.19325781250000001 0.048812499999999925 0.115296875
0 0.65328125 0.1645625 0.03064583333333326 0.05790625000000002
0 0.5276562499999999 0.1573125 0.04022916666666665 0.049375
46 0.7572604166666668 0.9068984375 0.20552083333333337 0.18495312499999994
46 0.3664166666666667 0.8224218749999999 0.20500000000000002 0.17718749999999994
46 0.48531250000000004 0.8936796874999999 0.07808333333333334 0.031421875000000044
46 0.7946875 0.7605937500000001 0.163875 0.13415624999999998
46 0.48098958333333336 0.7077109374999999 0.1666875 0.12501562499999996
46 0.6166145833333333 0.7393984375 0.16127083333333325 0.13851562500000003
46 0.3380625 0.69140625 0.14449999999999996 0.10971875000000009
46 0.42666666666666664 0.6142734374999999 0.11295833333333333 0.08470312499999999
46 0.5418958333333332 0.6200625000000001 0.09470833333333328 0.08668750000000003
26 0.910875 0.23517968749999998 0.053041666666666654 0.11935937499999999
46 0.5392291666666666 0.8580859375000001 0.18837500000000007 0.18057812500000014
46 0.2010625 0.8002890625000001 0.23333333333333334 0.17817187499999998
46 0.7959791666666667 0.65746875 0.11195833333333338 0.09565624999999989
60 0.48389583333333336 0.6157343750000001 0.9677916666666667 0.62471875
0 0.7170625 0.17060156250000003 0.028458333333333474 0.04735937500000001
0 0.6620625 0.18013281250000002 0.08170833333333327 0.11492187499999998
0 0.5941770833333333 0.2320390625 0.08739583333333323 0.165203125
0 0.41045833333333337 0.18856249999999997 0.033333333333333326 0.10459374999999996
25 0.29223958333333333 0.0733984375 0.2472291666666667 0.040453125
25 0.6196249999999999 0.129125 0.10995833333333327 0.02759375
25 0.7067083333333334 0.13235156250000002 0.04370833333333346 0.03392187500000002
26 0.5494166666666667 0.2583671875 0.036083333333333245 0.043578124999999995
0 0.92684375 0.2591171875 0.06702083333333342 0.22048437500000004
25 0.5264270833333333 0.08943749999999999 0.22872916666666665 0.06265625
46 0.6733750000000001 0.640046875 0.122 0.10584375000000001
60 0.06914583333333332 0.27696093750000006 0.13829166666666665 0.24320312500000002
0 0.5989791666666666 0.1619296875 0.020208333333333273 0.025078125000000007
0 0.7208333333333333 0.22265625 0.4583333333333333 0.18906250000000002
