19 0.27261718749999997 0.7344145199063232 0.18939062499999998 0.3333255269320843
19 0.3089140625 0.5114168618266979 0.103203125 0.11922716627634666
19 0.27853125 0.4924824355971897 0.10315624999999998 0.10374707259953164
19 0.5360859375 0.4277751756440281 0.05826562499999999 0.06791569086651056
19 0.71690625 0.45050351288056206 0.08478125000000003 0.08779859484777519
19 0.4775625 0.4437002341920374 0.06684374999999992 0.08262295081967214
19 0.39246875000000003 0.4200585480093677 0.06228125000000001 0.06601873536299763
19 0.786515625 0.4294379391100703 0.02153124999999989 0.0645433255269321
19 0.1546484375 0.39080796252927397 0.045765625000000004 0.05238875878220145
19 0.417609375 0.4187353629976581 0.05321874999999998 0.06548009367681501
19 0.4647890625 0.7313231850117097 0.269828125 0.34615925058548014
19 0.41118750000000004 0.5057259953161592 0.1060000000000001 0.11861826697892275
19 0.6381328125000001 0.4484894613583138 0.0777031250000001 0.08592505854800936
