22 0.195890625 0.7138056206088993 0.17881249999999999 0.18096018735362995
22 0.3413515625 0.7179391100702576 0.256765625 0.1664168618266979
22 0.4601640625 0.6556088992974238 0.22957812500000008 0.1882201405152225
22 0.7316562499999999 0.6269672131147541 0.12593749999999992 0.18428571428571427
22 0.950765625 0.6459836065573771 0.07871874999999995 0.12011709601873544
22 0.814453125 0.6287470725995316 0.08378124999999992 0.10096018735362988
22 0.0839609375 0.5303395784543325 0.167921875 0.1123419203747073
22 0.12560156249999999 0.46953161592505854 0.138671875 0.1627166276346605
22 0.42334375 0.5044847775175644 0.16415625 0.1407259953161592
22 0.5006640625 0.48488290398126466 0.16223437499999993 0.15440281030444963
22 0.6523125000000001 0.45227166276346603 0.1550625 0.09536299765807965
22 0.723578125 0.5239695550351289 0.14084374999999993 0.1036768149882904
22 0.6006640624999999 0.5981733021077283 0.08198437499999989 0.1533021077283372
22 0.5 0.544496487119438 0.996875 0.2552693208430913
