26 0.59009375 0.48730679156908663 0.026218749999999957 0.06435597189695547
0 0.0535625 0.6024941451990632 0.10565625000000001 0.3981967213114754
27 0.049585937499999996 0.5289110070257611 0.010328125 0.10775175644028101
27 0.9585937499999999 0.6339695550351289 0.02950000000000008 0.19711943793911013
27 0.5093828125 0.5066510538641686 0.020234375000000027 0.10777517564402811
27 0.8829374999999999 0.5204918032786886 0.013124999999999942 0.09667447306791571
27 0.6848046875 0.5136768149882904 0.010234375000000018 0.09662763466042157
27 0.7566015625 0.5176932084309134 0.018796874999999935 0.08498829039812639
27 0.32821875 0.49106557377049176 0.013031249999999994 0.08789227166276348
0 0.746734375 0.5624824355971897 0.105375 0.2892271662763466
0 0.68475 0.5559484777517565 0.06396874999999991 0.29227166276346606
0 0.5958046875 0.5529274004683841 0.061609374999999966 0.33784543325526933
0 0.5141015625 0.5632084309133489 0.09545312500000008 0.35011709601873536
0 0.33882812500000004 0.5529156908665105 0.08228125000000003 0.32512880562060886
0 0.8718046875 0.5819203747072599 0.09201562499999993 0.3555503512880562
0 0.43772656249999997 0.5444496487119438 0.058078125000000036 0.2875878220140515
0 0.46496875000000004 0.39357142857142857 0.021406250000000016 0.030889929742388744
0 0.5330312500000001 0.5340046838407494 0.08506249999999993 0.2882435597189696
0 0.9260703125 0.713688524590164 0.14785937500000002 0.5726229508196721
