1 0.31547916666666664 0.7113437499999999 0.09149999999999997 0.04959374999999999
1 0.25454166666666667 0.70115625 0.05483333333333337 0.04784374999999996
2 0.41769791666666667 0.684390625 0.15464583333333337 0.06856249999999997
2 0.89396875 0.6572421875000001 0.1753541666666667 0.06198437500000009
0 0.22545833333333332 0.6890703125 0.044708333333333294 0.08614062499999997
2 0.58371875 0.6603359375 0.07177083333333334 0.03692187499999999
2 0.5276041666666667 0.6590234375 0.056458333333333444 0.033265625000000076
9 0.3095104166666667 0.6186953125000001 0.01835416666666667 0.01714062500000002
24 0.0731875 0.724125 0.04591666666666667 0.043343750000000014
1 0.38158333333333333 0.7145546875 0.05587500000000001 0.05639062500000003
26 0.07640625000000001 0.7228593750000001 0.03331250000000001 0.029000000000000026
0 0.7765520833333334 0.6573203125 0.028895833333333343 0.05495312500000005
0 0.07786458333333333 0.7386796874999999 0.07152083333333334 0.15776562500000002
1 0.205125 0.6942187500000001 0.014291666666666647 0.01853125
2 0.484125 0.664390625 0.04170833333333329 0.021156249999999988
2 0.3675833333333334 0.66015625 0.027416666666666645 0.020031250000000056
2 0.30907291666666664 0.6658515625 0.01968749999999997 0.023578125000000005
2 0.259875 0.67453125 0.049250000000000016 0.019906250000000014
0 0.8344270833333334 0.643375 0.010229166666666734 0.008000000000000007
2 0.7229583333333334 0.6606406249999999 0.05658333333333343 0.03996875
9 0.7556979166666666 0.5913828125 0.023687499999999972 0.040796875000000066
9 0.18758333333333332 0.6281953124999999 0.012708333333333321 0.009828124999999965
