17 0.385265625 0.49158018867924524 0.023499999999999965 0.031037735849056558
19 0.4345390625000001 0.48919811320754714 0.020328124999999975 0.029481132075471705
19 0.384109375 0.49198113207547167 0.02471875000000001 0.031132075471698106
19 0.3160078125 0.49704009433962265 0.019109374999999984 0.030023584905660372
19 0.3019453125 0.49373820754716985 0.013734375000000021 0.03261792452830192
19 0.7493828124999999 0.5301297169811321 0.04204687500000004 0.08110849056603775
19 0.3313828125 0.49530660377358493 0.020390624999999996 0.036650943396226376
19 0.5690078125 0.49846698113207555 0.028796875000000055 0.030990566037735923
17 0.76821875 0.49051886792452826 0.020062499999999983 0.05264150943396223
18 0.302984375 0.49304245283018866 0.016906249999999956 0.033490566037735814
18 0.3260546875 0.4938325471698113 0.03479687500000006 0.03360849056603771
18 0.37703125000000004 0.4780070754716981 0.016312500000000008 0.02337264150943391
18 0.46164843749999995 0.49343160377358486 0.02067187500000006 0.02691037735849061
18 0.5395 0.4997759433962264 0.014874999999999972 0.03280660377358491
18 0.5608125 0.4912028301886793 0.030312499999999964 0.022122641509433993
18 0.5132265625 0.49939858490566036 0.012703125000000037 0.03488207547169808
18 0.4855078125 0.5007429245283018 0.017578125 0.03030660377358485
18 0.42459375 0.49371462264150945 0.01643749999999994 0.027287735849056582
18 0.43432812499999995 0.48931603773584903 0.020593750000000022 0.03108490566037736
18 0.4914921875 0.4919339622641509 0.015609375000000036 0.02683962264150941
18 0.38624218750000006 0.4918985849056604 0.02707812500000001 0.03285377358490571
19 0.2945625 0.5511792452830189 0.027718750000000014 0.05018867924528303
18 0.5705156250000001 0.5015212264150943 0.029468750000000044 0.02271226415094335
18 0.52890625 0.5283018867924528 0.5046875 0.1273584905660377
