62 0.15842187499999996 0.2067395833333333 0.22921874999999994 0.2966458333333333
39 0.74209375 0.9736041666666667 0.018718750000000117 0.05279166666666657
39 0.71884375 0.97146875 0.02268749999999997 0.057062500000000016
39 0.727875 0.9660416666666667 0.018625000000000003 0.0641666666666667
56 0.0549921875 0.9735208333333334 0.035859375 0.05295833333333333
47 0.5363515625 0.7267291666666666 0.02251562500000004 0.022916666666666696
47 0.5179921875 0.7244895833333334 0.01773437500000008 0.0211041666666667
47 0.55140625 0.7255833333333334 0.019062499999999982 0.022499999999999964
71 0.62753125 0.72 0.13271875 0.09145833333333331
26 0.3379140625 0.9000000000000001 0.288203125 0.17304166666666665
39 0.7500390625000001 0.9681041666666665 0.015015624999999977 0.06291666666666662
72 0.5327968750000001 0.876625 0.13831249999999995 0.2103750000000001
