39 0.6267578125 0.2628837209302326 0.010515625000000028 0.051441860465116285
56 0.8280468750000001 0.1812093023255814 0.06456249999999997 0.08823255813953487
0 0.307625 0.5897558139534884 0.3211562499999999 0.5637906976744186
0 0.08670312499999999 0.11003488372093022 0.09343749999999999 0.2195581395348837
34 0.5367421875 0.3607790697674419 0.15192187500000004 0.10518604651162788
35 0.5910078125 0.6294767441860465 0.067453125 0.05606976744186054
0 0.6543359375 0.6802209302325581 0.173546875 0.37783720930232567
0 0.877703125 0.17551162790697675 0.10496874999999994 0.282
0 0.313265625 0.12486046511627907 0.08615625000000005 0.2483720930232558
0 0.6823203125 0.15388372093023256 0.11598437500000003 0.2825116279069767
13 0.8034453125000001 0.25765116279069766 0.1524843749999999 0.09227906976744182
56 0.5254218749999999 0.20224418604651162 0.02112499999999995 0.04495348837209301
0 0.9479453125 0.19124418604651164 0.10410937499999995 0.2794186046511628
0 0.044875 0.10783720930232558 0.08596875000000001 0.2096279069767442
0 0.6526484374999999 0.05666279069767442 0.03901562499999989 0.04895348837209302
0 0.547796875 0.17716279069767443 0.11981249999999999 0.19032558139534886
13 0.43857812500000004 0.20740697674418607 0.18396875000000007 0.07755813953488372
0 0.7835625 0.6805116279069767 0.2233750000000001 0.43116279069767444
