62 0.8712599999999999 0.3836046511627907 0.15147999999999995 0.2639018087855297
57 0.29084000000000004 0.48935400516795863 0.37472000000000005 0.3931782945736434
56 0.14542000000000002 0.6377390180878554 0.19000000000000003 0.32803617571059435
57 0.61123 0.384328165374677 0.12622 0.19098191214470284
65 0.86277 0.5410852713178294 0.07582 0.021085271317829446
65 0.85758 0.5313436692506459 0.06984000000000001 0.013281653746770039
65 0.85527 0.5175193798449613 0.06881999999999999 0.01509043927648579
56 0.53678 0.7857235142118862 0.49456 0.3142894056847545
56 0.60988 0.3859043927648579 0.12656000000000012 0.18250645994832038
57 0.53607 0.7790180878552972 0.50262 0.3135917312661499
