0 0.52628125 0.279828125 0.31160416666666657 0.12728124999999996
2 0.40220833333333333 0.4520078125 0.6195 0.17117187499999997
2 0.6783437499999999 0.433109375 0.22010416666666655 0.14596875000000004
2 0.9265104166666667 0.42760156250000003 0.14697916666666666 0.17560937500000007
2 0.04996874999999999 0.453171875 0.09943749999999998 0.07024999999999992
2 0.45772916666666663 0.37520312499999997 0.24258333333333332 0.072625
2 0.8199895833333333 0.43692968750000005 0.09535416666666663 0.06217187500000004
62 0.6548125 0.6229140624999999 0.2697083333333333 0.13089062499999993
2 0.048802083333333336 0.404875 0.09610416666666667 0.059906249999999994
2 0.7808854166666666 0.4104140625 0.0293958333333334 0.023984375000000002
7 0.17155208333333336 0.3836484375 0.19693750000000004 0.101203125
