39 0.39338281249999996 0.3581134020618557 0.02660937499999999 0.06171134020618557
56 0.7260078125 0.6444742268041237 0.12073437499999995 0.20527835051546395
56 0.6051015625 0.6364742268041237 0.09907812500000013 0.19925773195876284
56 0.798171875 0.6034020618556701 0.10131250000000003 0.14519587628865982
56 0.1636796875 0.735958762886598 0.324078125 0.39740206185567006
57 0.26645312499999996 0.6161237113402063 0.43187499999999995 0.23010309278350516
60 0.6919296875 0.6104020618556701 0.23282812499999994 0.1894226804123711
56 0.5632343750000001 0.6128041237113402 0.04743750000000002 0.19360824742268035
41 0.6734296875 0.5239175257731958 0.014078124999999941 0.0261030927835052
45 0.6930859375 0.5211855670103093 0.026328125000000036 0.02381443298969077
73 0.5452734375 0.33988659793814435 0.005640625000000066 0.04348453608247427
73 0.6011796875 0.34640206185567013 0.029046874999999917 0.031072164948453607
73 0.5684374999999999 0.33720618556701026 0.04034375000000001 0.04962886597938143
73 0.528109375 0.34034020618556704 0.008312499999999945 0.04026804123711336
73 0.5194140625 0.24752577319587626 0.032953124999999917 0.01063917525773192
75 0.31755468749999993 0.48910309278350517 0.022171875000000008 0.043278350515463915
58 0.618390625 0.2810618556701031 0.0753125 0.11511340206185569
58 0.3082421875 0.4510927835051547 0.09257812500000001 0.12169072164948452
73 0.5413984375 0.33943298969072166 0.00542187500000002 0.040391752577319584
73 0.5199609375 0.25683505154639175 0.029984375000000063 0.0066597938144329905
73 0.5193359375 0.2695360824742268 0.03460937499999994 0.009505154639175284
75 0.392578125 0.3594536082474227 0.028156249999999994 0.060103092783505174
28 0.8141562499999999 0.7009896907216495 0.06474999999999997 0.08832989690721649
56 0.7284140625 0.6479690721649485 0.0980781249999999 0.16830927835051546
56 0.6561640625 0.5605773195876289 0.08460937499999999 0.10049484536082476
58 0.37367187500000004 0.2192680412371134 0.05725000000000002 0.11680412371134022
56 0.7893359375 0.5314020618556701 0.07557812499999994 0.026886597938144297
