6 0.7980390625 0.5084270833333333 0.389328125 0.6112291666666667
0 0.298984375 0.5912187499999999 0.05406250000000001 0.15764583333333337
0 0.3458046875 0.5762916666666666 0.027453124999999967 0.116375
0 0.08014062500000001 0.5951666666666666 0.04859375 0.1698333333333334
0 0.10935937500000001 0.5740833333333333 0.030437500000000006 0.14741666666666664
0 0.7765234375 0.43883333333333335 0.06664062500000001 0.10558333333333336
6 0.521109375 0.50225 0.18412499999999998 0.29054166666666664
6 0.237328125 0.45833333333333337 0.4375 0.373875
26 0.0941484375 0.56784375 0.01879687499999999 0.054895833333333366
0 0.14304687500000002 0.5810000000000001 0.026187500000000002 0.12741666666666673
0 0.37768750000000006 0.59003125 0.04084375000000001 0.10722916666666682
0 0.368515625 0.6023749999999999 0.018843749999999992 0.07658333333333334
0 0.8071640625000001 0.44876041666666666 0.032203125 0.09102083333333333
0 0.7500625000000001 0.4198854166666667 0.022031250000000058 0.07193749999999999
0 0.991765625 0.6854895833333332 0.01646874999999992 0.3421875
0 0.3724609375 0.6073854166666666 0.010828125000000022 0.026895833333333452
0 0.3134296875 0.5481770833333333 0.02264062499999997 0.08343749999999994
0 0.475 0.5229166666666667 0.55 0.22916666666666663
