62 0.0649765625 0.44026 0.080671875 0.12647999999999998
56 0.42750781250000003 0.5149100000000001 0.09723437499999998 0.15450000000000008
59 0.5902109375 0.71113 0.819578125 0.5582999999999999
41 0.270875 0.44198 0.009281250000000019 0.020199999999999996
41 0.30367968749999996 0.4386 0.008890624999999985 0.020160000000000067
46 0.5322499999999999 0.43683000000000005 0.018906250000000013 0.03370000000000001
56 0.33087500000000003 0.51308 0.028312500000000018 0.06211999999999995
60 0.29603125 0.45765999999999996 0.08759375000000003 0.01791999999999999
75 0.4812265625 0.42796 0.016203124999999985 0.035999999999999976
47 0.5206484375 0.43034 0.0074843749999999876 0.009440000000000004
49 0.5204296875000001 0.44139000000000006 0.010265625000000056 0.011060000000000014
