56 0.8999609375000001 0.1992605633802817 0.05814062500000006 0.09899061032863851
13 0.544109375 0.05931924882629108 0.23603124999999997 0.0312206572769953
38 0.2869296875 0.7016549295774648 0.056640625 0.2513849765258217
38 0.640953125 0.6849765258215963 0.028593749999999973 0.14436619718309862
0 0.5639140625 0.6415727699530516 0.16454687500000004 0.6404694835680751
0 0.32608593750000003 0.6707981220657278 0.23932812499999995 0.6
0 0.49396874999999996 0.253650234741784 0.08437500000000003 0.2938262910798122
0 0.4503828125 0.06632629107981221 0.05117187499999998 0.08941314553990612
0 0.31527343750000003 0.060117370892018775 0.06954687499999995 0.10868544600938966
0 0.14945312500000002 0.058169014084507045 0.05584375 0.11633802816901409
0 0.074546875 0.060363849765258215 0.045781249999999996 0.12072769953051643
0 0.0281953125 0.047018779342723006 0.055546874999999996 0.09403755868544601
0 0.9550624999999999 0.04832159624413146 0.05234375000000002 0.09213615023474178
0 0.77515625 0.055927230046948356 0.05081250000000015 0.1002582159624413
0 0.67109375 0.03936619718309859 0.05412499999999998 0.07873239436619718
13 0.5869609375 0.08181924882629107 0.22995312499999998 0.02856807511737089
58 0.1926015625 0.26636150234741784 0.303171875 0.11408450704225356
58 0.965984375 0.23538732394366196 0.06803124999999999 0.08551643192488265
0 0.553640625 0.05426056338028169 0.07584374999999999 0.10434272300469485
0 0.38950000000000007 0.05663145539906104 0.08146875000000003 0.11115023474178405
0 0.59375 0.05868544600938967 0.703125 0.11267605633802816
