39 0.3090390625 0.7049895833333335 0.04464062499999999 0.16477083333333342
39 0.167984375 0.6814479166666667 0.042843750000000014 0.19310416666666674
39 0.20803906249999998 0.7173020833333332 0.043546874999999985 0.2402291666666666
39 0.2858359375 0.6742916666666667 0.016734374999999968 0.11683333333333323
39 0.24260937499999996 0.6978645833333332 0.02609375 0.15264583333333326
39 0.230203125 0.6841875000000001 0.01756250000000001 0.18799999999999994
60 0.39642968749999996 0.7898854166666667 0.5017968749999999 0.42022916666666665
0 0.64153125 0.6973125 0.2572812499999999 0.5829583333333332
0 0.7693828125 0.70075 0.3117968750000001 0.5707916666666667
40 0.47139062499999995 0.7790520833333334 0.05343750000000003 0.16622916666666676
40 0.38272656250000003 0.6615 0.03598437500000007 0.08520833333333333
40 0.7054296875 0.6064583333333333 0.048578124999999917 0.1505833333333333
40 0.2483359375 0.8369166666666668 0.04304687500000001 0.12754166666666678
40 0.6155625 0.6520312500000001 0.035656249999999945 0.12231249999999994
39 0.26952343749999996 0.7268958333333333 0.04935937500000004 0.2574166666666666
58 0.5470625 0.4759375 0.07143750000000004 0.389
74 0.8401640625 0.16230208333333335 0.04926562499999998 0.07147916666666668
0 0.4544296875 0.5912708333333333 0.27001562500000004 0.4056249999999999
45 0.5351484375 0.7970625 0.07707812499999994 0.03641666666666665
56 0.9177187500000001 0.8865520833333334 0.060562499999999964 0.2268958333333334
39 0.2054921875 0.6514479166666666 0.03979687500000001 0.10485416666666669
0 0.14415625 0.6324687499999999 0.2883125 0.6935208333333334
45 0.5464375 0.8465729166666667 0.08606249999999993 0.0436875000000001
