67 0.44567968750000003 0.5634510869565217 0.042796874999999956 0.06271739130434784
2 0.8998515625 0.3869836956521739 0.20029687500000004 0.20108695652173914
2 0.0355625 0.3400951086956522 0.0710625 0.1370923913043478
2 0.4129921875 0.35032608695652173 0.12654687500000006 0.15065217391304342
2 0.6597187499999999 0.38914402173913043 0.11159375000000005 0.17904891304347825
0 0.5207265624999999 0.5640353260869565 0.310109375 0.8359510869565216
26 0.38592187499999997 0.8299592391304348 0.08287499999999998 0.3400815217391304
0 0.80575 0.34866847826086955 0.046781249999999996 0.16543478260869565
0 0.8336015625 0.3129891304347826 0.03279687499999995 0.09646739130434784
1 0.788421875 0.40305706521739126 0.030031249999999954 0.1260597826086956
2 0.29443749999999996 0.26358695652173914 0.07037499999999997 0.05429347826086958
