4 0.49926562500000005 0.45434426229508196 0.83734375 0.4384777517564402
0 0.3067265625 0.6699414519906324 0.02276562500000001 0.10110070257611237
0 0.28235156250000004 0.6704332552693208 0.03142187499999999 0.10578454332552689
0 0.5963046875 0.6698477751756441 0.02901562499999999 0.09800936768149882
0 0.6995078125 0.6725175644028103 0.021296874999999993 0.08002341920374711
0 0.5574765625 0.6814051522248243 0.024984374999999948 0.04974238875878223
0 0.5357890625 0.6825292740046838 0.021546875000000076 0.05025761124121775
0 0.6802421875 0.6628103044496487 0.02076562500000012 0.08515222482435603
0 0.6408906249999999 0.6562646370023419 0.01909375000000002 0.08531615925058544
0 0.5778359375 0.6699882903981265 0.010515625000000028 0.07365339578454333
0 0.5878359375 0.679871194379391 0.028484375000000006 0.08625292740046842
0 0.8911171875000001 0.6492037470725995 0.01482812500000008 0.033536299765807964
0 0.9089218749999999 0.699648711943794 0.023906250000000018 0.06009367681498834
7 0.0880625 0.6075995316159251 0.176125 0.17674473067915697
7 0.21960156249999999 0.6381615925058548 0.093203125 0.10156908665105391
7 0.2976015625 0.6462997658079626 0.081078125 0.07920374707259947
0 0.6970390625 0.510023419203747 0.013234375000000131 0.060983606557377
7 0.7864765625000001 0.6646370023419204 0.10620312500000006 0.08210772833723656
7 0.4259453125 0.6604098360655737 0.06467187500000005 0.05758782201405144
0 0.59609375 0.5784543325526932 0.7328125000000001 0.30444964871194385
