60 0.5 0.49798117154811716 1.0 0.982112970711297
41 0.644015625 0.18921548117154813 0.2235625 0.2934518828451883
42 0.08271875 0.5281066945606695 0.1654375 0.07784518828451881
43 0.7695234375 0.6738702928870293 0.459546875 0.24200836820083682
45 0.8494843749999998 0.42455020920502096 0.2926874999999999 0.2297280334728034
45 0.8320859375 0.22951882845188282 0.2406093749999999 0.17673640167364013
46 0.874765625 0.4152928870292887 0.0666874999999999 0.09313807531380752
46 0.9353828125000001 0.4209518828451883 0.06114062500000006 0.11324267782426778
46 0.829546875 0.4099895397489539 0.06268750000000001 0.07897489539748953
41 0.1892421875 0.2105857740585774 0.220359375 0.40092050209205016
41 0.7997421875000001 0.08089958158995816 0.16279687500000006 0.16179916317991633
46 0.792171875 0.4297489539748954 0.06912499999999999 0.1165271966527196
46 0.9217968750000001 0.3573640167364017 0.07168750000000002 0.04506276150627614
46 0.879046875 0.35056485355648537 0.04918750000000005 0.0733054393305439
