17 0.43082812499999995 0.6043224299065421 0.7459062499999999 0.7211682242990656
17 0.6300859375 0.6298481308411215 0.595703125 0.5567523364485981
17 0.12899218750000002 0.6745677570093458 0.25798437500000004 0.4417990654205608
0 0.52015625 0.3360630841121495 0.17603125000000003 0.5779205607476635
0 0.6176328125000001 0.24957943925233644 0.07592187500000003 0.20953271028037382
0 0.4559453125 0.24706775700934575 0.06223437499999995 0.15315420560747658
0 0.968703125 0.43279205607476634 0.041437499999999905 0.07782710280373834
0 0.1018046875 0.44533878504672897 0.041359375000000004 0.06184579439252336
0 0.1284140625 0.44745327102803734 0.022546875000000022 0.044252336448598106
0 0.17565625 0.4386682242990654 0.022312499999999985 0.03434579439252333
0 0.06790625 0.4923014018691589 0.034593750000000006 0.15642523364485983
17 0.44188281250000006 0.36830607476635513 0.12979687500000003 0.1882943925233645
0 0.27882031250000006 0.31207943925233644 0.121734375 0.32831775700934585
0 0.9743046875 0.40103971962616813 0.03185937500000002 0.05114485981308409
0 0.1568515625 0.4396261682242991 0.013765625000000004 0.02485981308411217
0 0.9490937499999998 0.4255490654205607 0.017593749999999964 0.05941588785046731
