0 0.9242265624999999 0.5247769953051643 0.15142187500000004 0.9346713615023474
0 0.8418515625 0.41038732394366195 0.31629687500000003 0.8207746478873239
0 0.36354687500000005 0.13850938967136148 0.13043750000000004 0.2702582159624413
3 0.060453124999999996 0.1328169014084507 0.12090624999999999 0.2656338028169014
3 0.6865625000000001 0.2344600938967136 0.224375 0.43370892018779345
3 0.10470312500000001 0.6423239436619718 0.20940625000000002 0.6831455399061033
0 0.6078046875 0.13139671361502347 0.13970312500000004 0.26279342723004695
3 0.46330468750000003 0.5601173708920187 0.6842031250000001 0.8259154929577464
3 0.23091406250000002 0.08395539906103286 0.17914062500000005 0.16791079812206572
0 0.4772265625 0.06624413145539906 0.062328124999999956 0.13107981220657278
