57 0.8505078125000001 0.7056177156177156 0.29695312500000004 0.5462470862470863
0 0.6616640625000001 0.5795687645687646 0.4122656250000001 0.815034965034965
27 0.414671875 0.4956293706293706 0.026843750000000055 0.15167832167832168
41 0.5540625 0.5736247086247086 0.04668749999999999 0.0931235431235431
65 0.3101015625 0.6012937062937063 0.07314062500000001 0.07289044289044289
73 0.1073046875 0.5166317016317017 0.007765624999999998 0.08944055944055951
73 0.08257031249999999 0.5198018648018647 0.015390625000000005 0.10305361305361305
73 0.0764453125 0.17878787878787877 0.008296874999999995 0.06769230769230769
73 0.1118046875 0.6432167832167832 0.031203124999999998 0.12088578088578084
73 0.12406249999999999 0.5103729603729604 0.008218749999999997 0.09743589743589753
73 0.1688203125 0.4597785547785548 0.04148437499999999 0.010186480186480162
73 0.16946875 0.23182983682983685 0.046750000000000014 0.01634032634032634
73 0.08637500000000001 0.18561771561771562 0.008281250000000004 0.07067599067599065
73 0.10146093750000001 0.06428904428904429 0.014578125000000011 0.08610722610722611
73 0.11794531250000001 0.07362470862470862 0.015984374999999995 0.10006993006993006
73 0.076421875 0.12670163170163168 0.0484375 0.04258741258741258
0 0.38378124999999996 0.6087529137529137 0.2433125 0.725990675990676
41 0.5846640624999999 0.5497435897435898 0.034859375000000026 0.07347319347319348
65 0.64215625 0.48314685314685313 0.10850000000000004 0.14097902097902093
73 0.1148359375 0.30979020979020977 0.006671874999999994 0.08452214452214452
73 0.1057265625 0.2977156177156177 0.014328124999999997 0.10303030303030303
73 0.47578125 0.37995337995337997 0.9390625 0.7599067599067599
