0 0.6994375 0.77415625 0.14831250000000007 0.4516875
0 0.12135156250000001 0.7921354166666666 0.24270312500000002 0.39327083333333346
0 0.359390625 0.47721875 0.03587499999999999 0.1296875
0 0.8861796875 0.7675520833333334 0.1393906250000001 0.1966041666666667
0 0.36773437499999995 0.38304166666666667 0.024593750000000025 0.082125
0 0.433265625 0.38713541666666673 0.03353125000000001 0.09931250000000008
0 0.08867187500000001 0.44285416666666666 0.022250000000000006 0.07441666666666663
37 0.30613281249999996 0.4070208333333333 0.08567187499999995 0.03483333333333333
37 0.4258046875 0.38768749999999996 0.029390625000000004 0.031083333333333296
37 0.32703125 0.5431666666666667 0.10746875 0.020583333333333398
0 0.9413750000000001 0.869375 0.11724999999999997 0.24816666666666665
0 0.4058671875 0.3788020833333333 0.017703125000000042 0.08172916666666669
0 0.6386640625 0.32889583333333333 0.014453125000000067 0.06541666666666668
37 0.44585937499999995 0.38102083333333336 0.010593749999999957 0.03366666666666668
37 0.3909296875 0.38536458333333334 0.026546875000000025 0.03052083333333333
0 0.252125 0.9642708333333333 0.06615625 0.0714583333333334
0 0.3124453125 0.3943541666666667 0.04317187499999997 0.12245833333333334
37 0.387140625 0.40805208333333337 0.026281250000000034 0.016687499999999966
