52 0.32752343749999996 0.6464637002341921 0.045828125 0.06463700234192049
52 0.40885156249999993 0.5813466042154567 0.21564062499999992 0.26030444964871197
56 0.12893749999999998 0.6786533957845433 0.25787499999999997 0.4629274004683841
0 0.5041328125 0.5316627634660421 0.891578125 0.8968618266978923
0 0.265328125 0.1795550351288056 0.23728125000000003 0.331615925058548
0 0.09839062500000001 0.23023419203747075 0.10134375000000001 0.3163466042154567
41 0.3056953125 0.3435831381733021 0.04264062499999999 0.07100702576112411
41 0.13791406250000002 0.37782201405152227 0.053828125000000004 0.08646370023419209
60 0.135078125 0.42192037470725996 0.27015625 0.08276346604215457
60 0.83959375 0.9505620608899298 0.32081249999999994 0.07189695550351294
56 0.7230468750000001 0.6015222482435597 0.13456250000000003 0.18426229508196723
