2 0.77856 0.9805600000000001 0.13388 0.038879999999999915
2 0.21558 0.9829600000000001 0.11567999999999998 0.03407999999999989
2 0.58808 0.9573733333333333 0.032480000000000064 0.06674666666666651
2 0.66893 0.9770266666666667 0.03710000000000002 0.04594666666666669
2 0.32250999999999996 0.9646666666666667 0.046020000000000005 0.029013333333333335
2 0.36834 0.96852 0.03228000000000003 0.020453333333333434
2 0.09047 0.97064 0.04786 0.03855999999999993
7 0.84011 0.9762000000000001 0.05729999999999991 0.04354666666666662
7 0.75732 0.9676266666666666 0.11431999999999998 0.05152000000000001
11 0.7739499999999999 0.8636799999999999 0.03066000000000002 0.04853333333333332
