0 0.28202083333333333 0.44403906249999997 0.048541666666666705 0.06670312499999997
0 0.36255208333333333 0.5494375 0.14981250000000002 0.15956249999999994
0 0.07883333333333334 0.6292265625 0.15766666666666668 0.169203125
0 0.5452395833333333 0.44392968750000006 0.029770833333333302 0.06254687499999995
0 0.827 0.4761875 0.08737500000000009 0.11346875000000001
0 0.7303854166666667 0.4312421875 0.02906249999999999 0.03732812499999999
0 0.26637500000000003 0.4235546875 0.02191666666666664 0.041109375000000004
34 0.42285416666666664 0.59503125 0.08141666666666664 0.06059375
0 0.2184375 0.39758593750000004 0.016166666666666663 0.007359375000000001
35 0.8187500000000001 0.46604687499999997 0.02979166666666666 0.026218749999999957
35 0.5541875 0.45310937500000004 0.010000000000000009 0.009374999999999967
35 0.8807395833333332 0.45465625 0.02127083333333335 0.013031249999999939
35 0.7400520833333333 0.43767187500000004 0.009229166666666733 0.010562499999999975
35 0.28772916666666665 0.442671875 0.014083333333333337 0.013281250000000022
35 0.26208333333333333 0.42555468750000003 0.012458333333333349 0.007421875000000022
0 0.5044270833333333 0.39971875 0.009062499999999973 0.008249999999999924
0 0.8893229166666667 0.45221093749999997 0.035520833333333335 0.082671875
0 0.6318854166666668 0.4199296875 0.029770833333333302 0.059546875
2 0.3858958333333333 0.416546875 0.07075000000000004 0.024406250000000018
2 0.2947708333333333 0.4133203125 0.11758333333333329 0.031453125000000026
2 0.5616354166666667 0.41721875 0.06877083333333345 0.025499999999999967
