34 0.5507265625 0.38392523364485986 0.012734374999999964 0.04065420560747662
0 0.545625 0.465572429906542 0.05096875000000001 0.15394859813084105
0 0.18599218750000002 0.7109579439252337 0.11079687500000002 0.14369158878504673
56 0.3748828125 0.22329439252336453 0.010578124999999994 0.029859813084112147
56 0.45020312500000004 0.24269859813084116 0.024499999999999966 0.015864485981308435
0 0.18355468749999998 0.22685747663551398 0.02807812499999998 0.049182242990654185
0 0.5205781250000001 0.1190303738317757 0.02518750000000003 0.04189252336448597
0 0.5095390625 0.46321261682242987 0.051484374999999916 0.09142523364485977
0 0.8588749999999999 0.10128504672897196 0.029718750000000016 0.04630841121495327
0 0.631140625 0.19891355140186917 0.019875000000000087 0.03212616822429909
0 0.37298437500000003 0.1163551401869159 0.027749999999999997 0.05883177570093458
0 0.4311484375 0.149392523364486 0.027296874999999943 0.05649532710280372
0 0.4626796875 0.1575934579439252 0.014390624999999935 0.03313084112149531
0 0.4849609375 0.1275233644859813 0.025484375000000004 0.04733644859813084
0 0.5365078125 0.12338785046728973 0.02379687499999994 0.0911214953271028
35 0.21695312499999997 0.693855140186916 0.013656250000000009 0.020887850467289693
35 0.4893046875 0.46457943925233647 0.01179687500000004 0.017056074766355178
56 0.41331249999999997 0.19980140186915887 0.023468749999999927 0.017733644859813102
56 0.1694296875 0.20491822429906542 0.025390625 0.03670560747663554
56 0.190296875 0.19662383177570092 0.018937499999999996 0.020070093457943944
56 0.20142187499999997 0.17358644859813083 0.013906249999999981 0.02142523364485982
56 0.4055546875 0.13683411214953273 0.027265625000000016 0.02203271028037382
56 0.5818984375 0.19481308411214954 0.034734374999999984 0.031168224299065433
56 0.7404062499999999 0.2520443925233645 0.027593749999999972 0.04764018691588784
56 0.560203125 0.23393691588785048 0.029437500000000005 0.04558411214953273
56 0.4345859375000001 0.21771028037383178 0.021171875000000007 0.017102803738317796
0 0.5493046875 0.461892523364486 0.05976562499999993 0.09789719626168225
32 0.15571093749999998 0.826927570093458 0.011203125000000008 0.01647196261682249
56 0.7268515625 0.2691588785046729 0.01745312500000007 0.034299065420560715
56 0.4599140625 0.2235397196261682 0.03007812500000001 0.02745327102803738
0 0.49921875 0.14836448598130839 0.9984375 0.29205607476635514
