3 0.45914 0.6885388739946381 0.13003999999999993 0.058471849865951664
2 0.9530000000000001 0.6049195710455764 0.09399999999999997 0.1193833780160859
2 0.45034 0.6057238605898123 0.2228 0.13176943699731913
2 0.8702599999999999 0.5811662198391421 0.1492 0.11621983914209122
2 0.7236099999999999 0.5791286863270777 0.04862 0.05981233243967832
2 0.6686399999999999 0.5687667560321716 0.058679999999999954 0.05313672922252011
2 0.6353500000000001 0.5676005361930295 0.03477999999999992 0.040348525469168894
2 0.60108 0.5695308310991958 0.03055999999999992 0.027694369973190414
2 0.77304 0.576313672922252 0.09140000000000004 0.08919571045576402
2 0.58237 0.5654423592493298 0.02110000000000012 0.024343163538874113
10 0.5764400000000001 0.7472654155495979 0.06815999999999989 0.19560321715817686
7 0.45653 0.608083109919571 0.21758000000000005 0.1354155495978553
