0 0.512765625 0.5157309941520468 0.41309375000000004 0.9505847953216374
0 0.852 0.6378216374269006 0.29181250000000003 0.701140350877193
0 0.817203125 0.29134502923976613 0.040874999999999995 0.09853801169590642
0 0.11574999999999999 0.3852923976608187 0.04084375 0.08906432748538012
0 0.6702890625 0.41811403508771927 0.04560937499999995 0.061491228070175485
0 0.108671875 0.2316666666666667 0.03309374999999999 0.07198830409356727
34 0.24374218749999998 0.35554093567251466 0.232984375 0.12956140350877193
35 0.7367187500000001 0.4567397660818714 0.07565625000000009 0.17529239766081878
0 0.35365625 0.3562573099415205 0.03359374999999998 0.06836257309941518
0 0.314875 0.3854093567251462 0.06268750000000001 0.09807017543859647
32 0.12011718749999999 0.17859649122807017 0.030546875 0.06298245614035086
0 0.1260234375 0.3080555555555555 0.030140625000000004 0.08657894736842103
0 0.3241875 0.2393421052631579 0.03503124999999996 0.057923976608187155
0 0.716859375 0.25644736842105265 0.04812499999999997 0.08254385964912281
0 0.15031250000000002 0.2970760233918128 0.02609375 0.05491228070175441
0 0.04753906250000001 0.38419590643274854 0.05373437500000001 0.07903508771929824
0 0.48593749999999997 0.2324561403508772 0.94375 0.4473684210526315
