33 0.256328125 0.2043958333333333 0.29968750000000005 0.17562499999999998
33 0.6317890625 0.4281979166666667 0.26776562499999995 0.1930208333333333
33 0.3558984375 0.5720833333333333 0.14404687500000002 0.05791666666666673
33 0.7890546875 0.7365729166666667 0.020484375 0.05135416666666659
33 0.752265625 0.6659583333333333 0.024499999999999966 0.05425000000000013
0 0.77990625 0.9195104166666667 0.106375 0.16097916666666667
0 0.2713046875 0.91096875 0.143046875 0.1780208333333333
0 0.500890625 0.9520833333333334 0.08034374999999999 0.09583333333333333
0 0.031007812499999995 0.9615625000000001 0.037609375 0.06533333333333335
0 0.0572890625 0.922625 0.010234374999999997 0.0335416666666668
0 0.0703828125 0.9206666666666666 0.010640625000000015 0.036833333333333274
0 0.11509375 0.9191875 0.011781250000000007 0.04004166666666675
0 0.5595859375000001 0.9082083333333333 0.016921874999999975 0.04995833333333344
0 0.6454375 0.9014479166666667 0.01953125 0.055062500000000014
0 0.4303046875 0.9682604166666667 0.112234375 0.06310416666666674
0 0.6073359375 0.9763541666666666 0.03820312499999989 0.046083333333333365
33 0.82365625 0.8192083333333333 0.022343749999999885 0.051166666666666694
56 0.9235625 0.9701875 0.018999999999999906 0.045791666666666675
56 0.0356328125 0.9826041666666667 0.029890624999999994 0.034791666666666665
0 0.900890625 0.9472812500000001 0.05715625000000013 0.09439583333333335
33 0.7577265625 0.7348333333333332 0.0241093750000001 0.05812499999999987
0 0.4281328125 0.8932708333333332 0.03292187499999999 0.06637499999999996
33 0.8689765625 0.7202604166666666 0.02423437500000003 0.04285416666666664
0 0.5 0.9166666666666667 0.996875 0.16249999999999998
