45 0.8856617647058823 0.12058823529411765 0.10972222222222228 0.05290849673202616
49 0.6078676470588236 0.7487499999999999 0.5505718954248366 0.31684640522875807
49 0.5371977124183007 0.498202614379085 0.4151143790849673 0.17346405228758172
49 0.2572303921568627 0.38774509803921564 0.33544117647058824 0.15405228758169937
49 0.7265114379084967 0.38802287581699346 0.09616013071895424 0.061960784313725537
49 0.6788888888888889 0.34306372549019604 0.07705882352941174 0.05321895424836598
49 0.09094771241830064 0.24486111111111114 0.07078431372549018 0.05256535947712418
0 0.5781699346405229 0.04338235294117646 0.13875816993464052 0.08196078431372548
0 0.08447712418300654 0.03606209150326798 0.06816993464052287 0.07013071895424837
0 0.7988398692810458 0.04441176470588235 0.13418300653594772 0.0888235294117647
47 0.8864705882352941 0.0966421568627451 0.10281045751633988 0.0379248366013072
47 0.9719117647058824 0.10373366013071895 0.05617647058823527 0.033970588235294114
47 0.9808415032679738 0.12772058823529414 0.037663398692810324 0.02338235294117648
49 0.5473692810457517 0.3029248366013072 0.25774509803921575 0.10843137254901958
49 0.8909232026143792 0.5331535947712418 0.10514705882352948 0.10741830065359481
49 0.9633986928104575 0.5321160130718954 0.07320261437908493 0.1322385620915033
49 0.1516830065359477 0.12280228758169934 0.11091503267973857 0.04220588235294115
49 0.29 0.13827614379084968 0.047516339869281055 0.03040849673202614
49 0.5027696078431373 0.18487745098039216 0.03887254901960785 0.03642156862745097
45 0.5299509803921568 0.5548202614379085 0.4552941176470588 0.21875816993464053
45 0.7481045751633987 0.42246732026143796 0.33186274509803915 0.15728758169934648
45 0.6079411764705882 0.8145588235294117 0.6666013071895425 0.37088235294117655
45 0.2078839869281046 0.4609967320261438 0.320702614379085 0.19624183006535945
49 0.943970588235294 0.6192238562091503 0.11205882352941188 0.081748366013072
45 0.22663398692810455 0.18142156862745099 0.07143790849673201 0.06006535947712416
45 0.9029820261437909 0.6289624183006536 0.19403594771241828 0.23272875816993466
49 0.4991830065359477 0.36764705882352944 0.9983660130718954 0.5163398692810457
