0 0.2218515625 0.5916250000000001 0.007640624999999984 0.031000000000000028
0 0.5304140625 0.611 0.03726562499999997 0.03679166666666678
8 0.5625 0.6835520833333333 0.30743750000000003 0.3063125000000001
8 0.2985625 0.57525 0.05249999999999999 0.0551666666666667
8 0.2575390625 0.58990625 0.034828125000000015 0.04543750000000002
8 0.9438203125 0.4073020833333334 0.09776562500000008 0.4898958333333334
8 0.6893515625 0.5706145833333334 0.06035937499999999 0.06385416666666666
8 0.22234375 0.5923958333333333 0.04318750000000002 0.040750000000000064
8 0.7618515625 0.5708125 0.029921874999999876 0.09750000000000003
8 0.06757031250000001 0.5912187499999999 0.10810937500000001 0.09910416666666666
8 0.226671875 0.4900520833333333 0.06343749999999998 0.17914583333333328
0 0.21018750000000003 0.5907604166666667 0.008000000000000007 0.026979166666666665
0 0.4968203125 0.6240833333333333 0.04957812500000003 0.06033333333333324
8 0.8205 0.571375 0.10296875000000005 0.10620833333333335
8 0.986515625 0.5844479166666665 0.026968749999999986 0.07922916666666657
8 0.8941953125 0.5690520833333333 0.044140625000000044 0.04181250000000003
