15 0.40859375000000003 0.4956953125 0.4788541666666667 0.18279687499999997
56 0.8781145833333334 0.607703125 0.24377083333333327 0.44209374999999995
56 0.42397916666666663 0.41503906250000006 0.6681666666666667 0.5123593750000001
0 0.4518958333333334 0.382765625 0.56375 0.7606250000000001
41 0.24671875000000001 0.7608984375000001 0.15302083333333333 0.13707812500000005
63 0.6404895833333334 0.829609375 0.5940624999999999 0.34078125000000004
73 0.055322916666666666 0.3457265625 0.05831249999999999 0.09051562500000004
73 0.03879166666666667 0.4393359375 0.022500000000000003 0.074578125
73 0.069 0.34502343750000003 0.059750000000000004 0.09251562499999999
73 0.07647916666666667 0.43862500000000004 0.039625 0.08031250000000001
73 0.08144791666666668 0.5393515625 0.026312500000000003 0.039484374999999905
73 0.03644791666666666 0.34703125 0.055937499999999994 0.08178125000000003
73 0.04378125000000001 0.34675 0.05643750000000001 0.08859374999999997
73 0.06708333333333333 0.3237265625 0.130125 0.11820312500000002
73 0.011614583333333334 0.45201562500000003 0.014604166666666668 0.04746874999999995
73 0.11866666666666668 0.44382031250000004 0.04791666666666669 0.08260937499999998
