36 0.8751328124999999 0.5047217806041335 0.07820312499999993 0.3211128775834658
1 0.20608593749999998 0.13583465818759938 0.095359375 0.16041335453100158
1 0.039406250000000004 0.06003974562798092 0.05575 0.05639109697933228
0 0.23278125000000002 0.20809220985691573 0.16406250000000006 0.22896661367249604
0 0.47484375 0.26404610492845787 0.1369375 0.18201907790143082
0 0.5615078124999999 0.2748092209856916 0.13760937499999998 0.25060413354531
0 0.3485234375 0.24406995230524642 0.17798437499999997 0.2548171701112878
0 0.6985234375 0.6323449920508745 0.35348437499999996 0.4785214626391097
0 0.074640625 0.18042925278219396 0.14928125 0.24600953895071542
0 0.9414140625 0.3861049284578696 0.11717187500000004 0.21507154213036567
0 0.67015625 0.12112877583465817 0.043468749999999945 0.10845786963434022
0 0.3487265625 0.11593799682034976 0.09298437500000001 0.23187599364069952
0 0.43851562499999996 0.1174006359300477 0.09256249999999994 0.20360890302066773
36 0.243578125 0.22575516693163752 0.138125 0.05252782193958666
36 0.0347734375 0.24012718600953895 0.06867187500000001 0.08661367249602542
36 0.37428125 0.24649443561208267 0.12787500000000002 0.042686804451510324
36 0.01121875 0.10230524642289349 0.021843750000000002 0.03529411764705882
36 0.6523671874999999 0.14682829888712243 0.024578125000000006 0.04707472178060414
36 0.0405859375 0.11070747217806043 0.056515625000000014 0.01550079491255961
0 0.845015625 0.2197376788553259 0.13137500000000013 0.29486486486486485
