60 0.47533999999999993 0.6471556886227545 0.8685599999999999 0.48227544910179654
39 0.61313 0.5205838323353293 0.04698000000000002 0.11098802395209578
48 0.30754000000000004 0.6457035928143713 0.08307999999999999 0.12236526946107784
43 0.35949 0.7557185628742515 0.23509999999999998 0.1029341317365271
43 0.39179 0.4792215568862276 0.12034 0.032215568862275445
43 0.34183 0.736751497005988 0.29098 0.0978742514970059
48 0.3557 0.6266317365269463 0.08731999999999995 0.13356287425149704
48 0.40605 0.5861377245508982 0.10657999999999995 0.14832335329341317
75 0.52288 0.4756736526946108 0.032399999999999984 0.1148802395209581
40 0.5664899999999999 0.5251796407185628 0.09194000000000002 0.2719161676646706
