2 0.24872656250000003 0.09069999999999999 0.09779687500000003 0.1451333333333333
2 0.536921875 0.11636666666666667 0.16312500000000008 0.15789999999999998
2 0.920890625 0.15639166666666665 0.15821874999999996 0.18431666666666666
0 0.9145156249999999 0.16650833333333334 0.08250000000000002 0.25981666666666664
0 0.8720546875 0.11154166666666665 0.05539062500000003 0.10078333333333332
0 0.7605312500000001 0.177525 0.06740625 0.2561833333333333
0 0.643609375 0.4966333333333333 0.461375 0.7955
29 0.1758046875 0.19541666666666668 0.08892187499999998 0.06246666666666667
0 0.78228125 0.129725 0.06193750000000009 0.12471666666666666
2 0.7068125000000001 0.038200000000000005 0.22962500000000008 0.0719
2 0.0210703125 0.055058333333333334 0.042140625 0.10561666666666666
2 0.9292578125000001 0.030058333333333333 0.14148437499999988 0.060116666666666665
0 0.0458671875 0.15650833333333333 0.08329687500000002 0.2680833333333333
2 0.7515390625 0.133275 0.20532812499999997 0.15795
7 0.17196875 0.06273333333333334 0.16221875 0.12466666666666666
7 0.426734375 0.08848333333333333 0.27809375000000003 0.17626666666666668
