7 0.9365140845070423 0.30422656249999996 0.1262676056338029 0.19260937499999997
0 0.5946596244131455 0.299734375 0.25208920187793427 0.206
51 0.8418896713615024 0.7614140625000001 0.12922535211267605 0.0387343750000001
51 0.9362441314553991 0.6520859375000001 0.12751173708920183 0.0739843750000001
51 0.6549178403755869 0.5800078125 0.13772300469483567 0.05995312500000005
51 0.07295774647887324 0.9021406250000001 0.10586854460093897 0.01968749999999997
51 0.31056338028169017 0.6391640625000001 0.09084507042253526 0.02001562499999998
51 0.32390845070422536 0.5581328125 0.06377934272300467 0.010078124999999938
51 0.3640845070422535 0.485796875 0.10075117370892023 0.030999999999999972
51 0.7659389671361503 0.7908984375 0.1343661971830986 0.03085937499999991
51 0.3479694835680751 0.6670546875 0.08002347417840372 0.05045312499999999
51 0.6123356807511737 0.594453125 0.0251877934272301 0.01100000000000012
51 0.8873122065727701 0.538265625 0.15678403755868542 0.05743749999999992
51 0.6003051643192487 0.5056562499999999 0.1130985915492958 0.040843749999999956
51 0.7120422535211268 0.42460937500000007 0.05267605633802819 0.023125000000000007
51 0.4565727699530516 0.6640625 0.8568075117370892 0.66875
