0 0.10843 0.7614714714714714 0.033420000000000005 0.15747747747747742
0 0.40684 0.7292792792792793 0.03131999999999996 0.11771771771771777
0 0.4866 0.5915615615615616 0.019079999999999986 0.07075075075075077
0 0.37641 0.7247147147147146 0.03442000000000006 0.12810810810810802
30 0.36572000000000005 0.7846996996996998 0.06012000000000001 0.01324324324324333
0 0.43428 0.701081081081081 0.028359999999999996 0.11423423423423418
0 0.92872 0.5864864864864865 0.018799999999999928 0.06894894894894898
0 0.51444 0.5933933933933935 0.019000000000000128 0.06726726726726728
0 0.60242 0.5161711711711712 0.012799999999999923 0.0525225225225226
0 0.75871 0.5153753753753754 0.016539999999999888 0.04504504504504503
0 0.7857099999999999 0.6057207207207207 0.019340000000000024 0.07774774774774773
30 0.6084 0.6578528528528529 0.032279999999999975 0.017627627627627596
30 0.69338 0.6590540540540539 0.03976000000000002 0.01492492492492492
0 0.31456000000000006 0.7307957957957958 0.032920000000000005 0.1376276276276276
0 0.45618000000000003 0.6992792792792792 0.01911999999999997 0.11285285285285274
0 0.9006 0.5884534534534533 0.017840000000000078 0.07102102102102104
30 0.31195 0.7924474474474474 0.05562 0.01276276276276278
30 0.10899 0.8402852852852853 0.09514 0.01882882882882886
30 0.41093 0.7846096096096096 0.03570000000000001 0.013123123123123137
30 0.44612999999999997 0.7555555555555555 0.058499999999999996 0.007507507507507505
30 0.8359400000000001 0.6473723723723723 0.05023999999999995 0.011261261261261257
30 0.48604 0.627942942942943 0.013160000000000005 0.0038738738738739453
0 0.692 0.5630630630630631 0.58 0.21321321321321324
