5 0.44 0.4876173708920188 0.5471875 0.8108215962441315
0 0.8462890624999999 0.6763967136150235 0.04126562499999986 0.18964788732394378
0 0.9138124999999999 0.6619718309859155 0.027593749999999972 0.11737089201877926
0 0.7928593749999999 0.6714553990610329 0.028749999999999942 0.1739436619718311
0 0.9666484375 0.686924882629108 0.030421875000000043 0.16370892018779348
0 0.7282890625 0.6132159624413146 0.01726562499999995 0.04075117370892012
0 0.9879374999999999 0.6925704225352114 0.024125000000000063 0.1552347417840375
2 0.7011093749999999 0.5737323943661972 0.017000000000000015 0.017887323943661992
2 0.69434375 0.6003403755868544 0.010156249999999978 0.025328638497652656
5 0.7210937500000001 0.5794718309859155 0.02690625000000002 0.04161971830985911
26 0.918109375 0.6497535211267607 0.019406249999999958 0.059835680751173626
27 0.29514062500000005 0.5228286384976526 0.010031249999999992 0.06237089201877938
0 0.3046796875 0.5116314553990611 0.07439062500000004 0.12481220657276998
0 0.7543828125 0.5898826291079813 0.008421874999999912 0.03230046948356813
0 0.92396875 0.6557863849765257 0.018437499999999996 0.13152582159624415
2 0.7082109375 0.5722183098591549 0.005203124999999975 0.02795774647887328
9 0.7677343750000001 0.5624178403755868 0.014249999999999985 0.04079812206572764
26 0.7762109375 0.6629460093896713 0.011015624999999973 0.03307511737089197
0 0.8183046874999998 0.7009272300469485 0.030953124999999915 0.07321596244131456
7 0.7209609375 0.578274647887324 0.027296874999999998 0.04246478873239434
2 0.891375 0.6344718309859154 0.01637500000000003 0.042323943661971786
26 0.9766015625 0.6635915492957747 0.021734374999999972 0.0539906103286385
