39 0.321265625 0.415185546875 0.05249999999999999 0.15208984375
39 0.2594765625 0.327861328125 0.023484375000000002 0.058222656250000004
56 0.4 0.8179785156250001 0.77125 0.33259765625000004
56 0.120453125 0.48763671875000003 0.20853125 0.2516796875
56 0.1135 0.691484375 0.227 0.2365625
56 0.762640625 0.7362890625 0.3529374999999999 0.5240625
60 0.4383359375 0.647412109375 0.406703125 0.38435546875
41 0.5575546874999999 0.439873046875 0.055640625 0.06810546875000001
42 0.7339140625 0.32197265625000004 0.04679687500000007 0.06449218750000002
44 0.525265625 0.462080078125 0.033343750000000005 0.026386718749999982
55 0.7441796875 0.36263671875000003 0.04076562500000003 0.030117187499999976
0 0.7784296875000001 0.515732421875 0.43504687500000006 0.94607421875
0 0.22614843750000002 0.29875 0.04107812499999999 0.10105468750000002
56 0.7622421874999998 0.25392578125 0.3523593749999999 0.24269531249999998
56 0.44260156250000005 0.39740234375000005 0.14545312500000002 0.11429687500000002
56 0.19120312500000003 0.5166796875 0.12456250000000002 0.14164062500000002
24 0.34289843750000004 0.505390625 0.197953125 0.31042968750000005
