1 0.9056249999999999 0.39156908665105383 0.10331250000000003 0.11330210772833726
1 0.9814765624999999 0.4149648711943794 0.037046875000000035 0.10440281030444964
36 0.2635625 0.8933489461358314 0.22290624999999997 0.13995316159250581
36 0.8280312500000001 0.5254215456674473 0.03818750000000004 0.028407494145199053
24 0.8833203124999999 0.340655737704918 0.012171874999999943 0.04468384074941456
7 0.863515625 0.28837236533957844 0.27296875 0.23093676814988293
0 0.30896874999999996 0.520351288056206 0.48956249999999996 0.8075878220140514
0 0.6348671875 0.3216861826697892 0.037328125000000045 0.13957845433255267
0 0.6817421875 0.31385245901639347 0.03854687499999998 0.08962529274004688
0 0.7222578125 0.313231850117096 0.02842187500000004 0.08969555035128801
0 0.7509921875 0.2880327868852459 0.02045312499999996 0.052740046838407495
0 0.8304140625 0.40236533957845433 0.05820312499999991 0.2363934426229508
0 0.8680078125000001 0.3553747072599532 0.043921875 0.16714285714285715
0 0.971109375 0.3552927400468384 0.056781250000000005 0.15161592505854798
0 0.9882500000000001 0.3441100702576112 0.023499999999999965 0.1422248243559719
58 0.5773125 0.3300351288056206 0.06709374999999995 0.1015690866510538
58 0.49167968749999996 0.3253981264637002 0.06692187499999991 0.11857142857142855
0 0.0090625 0.3657377049180328 0.017781250000000002 0.1682435597189696
