64 0.33081333333333335 0.7805600000000001 0.0688266666666667 0.043240000000000056
66 0.1647733333333333 0.72719 0.3002666666666666 0.12765999999999988
73 0.9386933333333334 0.11331 0.11642666666666668 0.1719
73 0.8597333333333332 0.10805999999999999 0.055359999999999965 0.15476
73 0.8239733333333334 0.10786000000000001 0.05392000000000008 0.1528
39 0.22176 0.58133 0.053279999999999994 0.11650000000000005
62 0.7041333333333333 0.63412 0.18373333333333342 0.26604000000000017
73 0.8879866666666666 0.10474 0.06754666666666664 0.16771999999999998
73 0.792 0.10697 0.034453333333333336 0.15194
56 0.047920000000000004 0.93028 0.08752000000000001 0.10311999999999999
62 0.42424000000000006 0.53073 0.22512000000000004 0.25714
