62 0.6213593749999999 0.2995520833333333 0.14293750000000005 0.17935416666666665
0 0.8372968749999998 0.6280312499999999 0.22959374999999993 0.2908958333333333
66 0.38590625 0.5923541666666667 0.052062499999999956 0.05037499999999995
58 0.7993671875000001 0.38128124999999996 0.250390625 0.5429375
59 0.0687578125 0.7817604166666666 0.137515625 0.3957291666666667
65 0.3605078125 0.69165625 0.019203124999999988 0.01764583333333336
73 0.036992187499999996 0.13258333333333333 0.012140624999999999 0.09408333333333334
73 0.1543203125 0.1304375 0.012984374999999992 0.09454166666666669
73 0.30969531250000004 0.11540625000000002 0.004828125000000016 0.0746041666666667
73 0.38282031250000004 0.1769895833333333 0.012046875000000012 0.06660416666666666
73 0.48046875 0.18858333333333333 0.011156249999999979 0.04466666666666669
73 0.4193359375 0.24812499999999998 0.024328124999999978 0.04541666666666663
73 0.1796171875 0.24390625 0.007078124999999991 0.08102083333333332
73 0.31678906250000005 0.19245833333333334 0.005890624999999983 0.04608333333333334
73 0.0466953125 0.24789583333333332 0.009046875000000003 0.09604166666666666
73 0.10234375 0.24154166666666665 0.01246875 0.09441666666666668
73 0.0281328125 0.133625 0.015828125 0.08970833333333333
73 0.0449453125 0.1316041666666667 0.015890625000000005 0.097
0 0.9050390625 0.8628020833333334 0.1899218749999999 0.2743958333333333
0 0.7025703125 0.7549895833333333 0.297109375 0.23477083333333337
65 0.4001796875 0.7294791666666667 0.046078125000000025 0.07362500000000016
57 0.167625 0.7729375 0.33525 0.454125
73 0.103375 0.13278125000000002 0.019750000000000004 0.09810416666666669
0 0.2475859375 0.7260833333333333 0.447484375 0.5478333333333334
73 0.253125 0.3072916666666667 0.50625 0.48958333333333337
