8 0.22309374999999998 0.4730235294117647 0.12684375 0.17752941176470582
8 0.54153125 0.5125176470588235 0.18768750000000006 0.20254117647058822
8 0.37215625 0.3962 0.07150000000000001 0.03771764705882352
8 0.306015625 0.34911764705882353 0.05606249999999996 0.07818823529411761
0 0.748375 0.5583764705882353 0.08578125000000003 0.3129411764705882
0 0.4845859375 0.5642470588235294 0.03845312500000003 0.10821176470588245
0 0.5705 0.5847058823529412 0.039000000000000035 0.13101176470588227
0 0.505859375 0.5540941176470588 0.02284375000000005 0.08404705882352947
0 0.555609375 0.49888235294117644 0.01359374999999996 0.07955294117647055
0 0.5367031250000001 0.5220941176470588 0.01881250000000012 0.06150588235294113
0 0.9713046875 0.8200588235294117 0.05739062500000003 0.358235294117647
26 0.75640625 0.5401882352941176 0.028031250000000063 0.0833411764705882
26 0.9776484375 0.7707294117647059 0.044703125000000066 0.09552941176470586
26 0.487234375 0.5215294117647059 0.02809375000000003 0.03585882352941172
