67 0.54796875 0.45801562500000004 0.2208124999999999 0.17281250000000004
0 0.26715625 0.23062499999999997 0.16847916666666668 0.33165625
0 0.3808229166666667 0.209578125 0.06597916666666664 0.1985
0 0.4932708333333333 0.15493749999999998 0.13154166666666667 0.22196875
0 0.7576875000000001 0.12925 0.10058333333333347 0.17743749999999997
0 0.883 0.277640625 0.20162500000000017 0.4509375
0 0.0443125 0.17834375000000002 0.088625 0.22665625000000003
0 0.32696875 0.21639843749999998 0.10210416666666666 0.246046875
0 0.17096875 0.13130468750000002 0.04806249999999998 0.135515625
24 0.9208229166666667 0.25540625 0.07689583333333339 0.10684374999999999
0 0.8123541666666667 0.20561718750000002 0.09758333333333336 0.277734375
0 0.9783229166666667 0.22550000000000003 0.043354166666666694 0.3871875
0 0.6683958333333333 0.13037500000000002 0.2077916666666666 0.23637500000000003
0 0.6197916666666666 0.5983046875 0.7604166666666666 0.803390625
0 0.13105208333333335 0.20753906249999998 0.1083125 0.27832812500000004
