25 0.6846763392857143 0.4664583333333333 0.11475446428571423 0.13988095238095238
25 0.15723214285714285 0.44416666666666665 0.1723660714285714 0.17494047619047615
25 0.33534598214285716 0.4555654761904762 0.11283482142857143 0.11285714285714288
74 0.6021763392857142 0.3325148809523809 0.060022321428571335 0.08324404761904763
2 0.046841517857142856 0.3927529761904762 0.09002232142857142 0.07550595238095242
56 0.29206473214285716 0.6816369047619049 0.1574776785714286 0.2299404761904763
0 0.5050111607142858 0.5825297619047619 0.2516294642857143 0.4673214285714286
60 0.6993415178571429 0.6153571428571429 0.16212053571428575 0.2136904761904762
60 0.9511495535714285 0.560952380952381 0.09667410714285718 0.13517857142857137
60 0.3349665178571429 0.5638541666666667 0.1940848214285715 0.14169642857142856
60 0.07441964285714285 0.6761309523809524 0.14008928571428572 0.25351190476190466
60 0.16522321428571426 0.616577380952381 0.16924107142857142 0.22505952380952388
60 0.8514397321428573 0.5495982142857143 0.17229910714285712 0.07407738095238092
25 0.8483482142857142 0.469985119047619 0.11843750000000008 0.11258928571428573
25 0.6089732142857143 0.552157738095238 0.12482142857142853 0.10776785714285719
25 0.4572098214285714 0.5048958333333333 0.9110714285714286 0.18568452380952377
56 0.6033258928571429 0.6680654761904761 0.13651785714285714 0.18315476190476188
56 0.8623772321428571 0.6536309523809524 0.13310267857142855 0.1775
25 0.026629464285714284 0.505654761904762 0.05325892857142857 0.16559523809523818
60 0.4306361607142857 0.5629017857142857 0.04314732142857136 0.10169642857142869
