14 0.3988671875 0.2763386524822695 0.03257812500000001 0.09891843971631203
14 0.3178671875 0.3058599290780142 0.062140625000000005 0.06214539007092196
14 0.24960937500000002 0.26211879432624113 0.03734375000000001 0.08108156028368796
14 0.35522656249999995 0.3487234042553191 0.07501562499999997 0.056453900709219906
14 0.57615625 0.4145833333333333 0.035218750000000076 0.03629432624113477
14 0.7934531249999999 0.47054964539007094 0.03134374999999989 0.04283687943262415
14 0.4007578125 0.7431382978723404 0.044828124999999996 0.10021276595744677
14 0.6689921875 0.8247340425531915 0.03789062500000007 0.07957446808510638
14 0.3461484375 0.8032801418439717 0.03601562500000005 0.07152482269503557
14 0.7574687499999999 0.4843617021276596 0.04668749999999999 0.04273049645390081
14 0.7605625 0.191427304964539 0.01634374999999999 0.024024822695035475
14 0.47861718750000004 0.21108156028368794 0.037765625000000025 0.05226950354609927
14 0.55546875 0.6533687943262412 0.5546875 0.41666666666666663
