24 0.7563984375 0.27976580796252926 0.18742187500000007 0.3078688524590164
0 0.4493125 0.48085480093676813 0.059125000000000094 0.1979156908665105
0 0.15121093749999998 0.3939461358313817 0.10142187499999998 0.35716627634660414
0 0.290453125 0.38208430913348945 0.10212499999999997 0.23704918032786887
0 0.8857031249999999 0.44018735362997663 0.08465624999999988 0.3424355971896956
0 0.693421875 0.34158079625292737 0.18740625 0.5573067915690866
0 0.49473437499999995 0.5049063231850117 0.015218750000000003 0.03594847775175636
0 0.5880624999999999 0.5078337236533959 0.01921874999999995 0.10718969555035135
49 0.5620390625 0.7198126463700234 0.10420312499999995 0.1490866510538641
49 0.6989140625 0.829344262295082 0.328359375 0.3413114754098361
49 0.7858125 0.7849414519906324 0.08381250000000007 0.0866510538641686
49 0.8960625 0.881135831381733 0.11103124999999991 0.16995316159250584
49 0.748390625 0.7040866510538641 0.08868750000000003 0.11810304449648712
49 0.8127656249999999 0.6863934426229508 0.0921249999999999 0.1330679156908664
49 0.953046875 0.7777400468384076 0.09390625000000008 0.14634660421545664
49 0.9015859374999999 0.690351288056206 0.09220312500000005 0.09035128805620607
0 0.5023203125 0.4947892271662764 0.012734374999999909 0.02573770491803279
0 0.548375 0.5274941451990632 0.010593749999999957 0.053442622950819585
49 0.378671875 0.7043325526932085 0.11390625000000004 0.15222482435597195
49 0.5 0.774016393442623 1.0 0.4259718969555035
0 0.561859375 0.5342154566744731 0.017124999999999946 0.0652459016393443
0 0.42470312499999996 0.49426229508196723 0.02496875000000004 0.1727400468384076
0 0.5430234374999999 0.510281030444965 0.005890624999999927 0.014332552693208434
7 0.05068749999999999 0.43469555035128804 0.10037499999999998 0.17046838407494147
47 0.3426796875 0.5885128805620609 0.16279687499999995 0.07018735362997641
47 0.5379218749999999 0.5754449648711943 0.0224375 0.022599531615925095
0 0.44843750000000004 0.4929742388758782 0.78125 0.11007025761124128
