0 0.6833750000000001 0.6625208333333333 0.13653125 0.39166666666666666
0 0.42905468750000003 0.5264791666666667 0.06682812500000002 0.19216666666666665
0 0.5535703125 0.516125 0.03860937500000006 0.1391666666666666
0 0.6141328125000001 0.4650729166666666 0.021703125000000045 0.05589583333333331
0 0.92503125 0.49484375 0.016750000000000043 0.06527083333333322
24 0.69903125 0.5514479166666667 0.07987499999999992 0.11943750000000009
30 0.7352578125 0.49589583333333337 0.2040781250000001 0.15800000000000003
30 0.42184375 0.45805208333333336 0.06678125000000001 0.11427083333333338
0 0.1632265625 0.48454166666666665 0.021828124999999976 0.030958333333333365
0 0.2715859375 0.4896666666666667 0.01179687500000004 0.021708333333333274
