1 0.83661 0.62604 0.01617999999999986 0.07090666666666667
2 0.8996200000000001 0.7590399999999999 0.19835999999999998 0.47930666666666666
6 0.32527999999999996 0.51236 0.6505599999999999 0.7056266666666666
0 0.76952 0.59204 0.028079999999999994 0.13629333333333338
0 0.8545999999999999 0.5372000000000001 0.024639999999999995 0.06447999999999998
0 0.74174 0.5905466666666668 0.029120000000000035 0.13063999999999998
0 0.83433 0.5790266666666667 0.03270000000000006 0.1272266666666666
0 0.9409000000000001 0.5748533333333333 0.027599999999999958 0.05674666666666672
0 0.91449 0.60456 0.028340000000000032 0.054240000000000066
2 0.8143499999999999 0.5586 0.02410000000000012 0.07640000000000002
9 0.27892 0.09335999999999998 0.03371999999999997 0.09525333333333333
0 0.79024 0.5936533333333334 0.025840000000000085 0.13295999999999997
0 0.92472 0.54748 0.025960000000000094 0.09181333333333341
0 0.22188999999999998 0.47528000000000004 0.028499999999999998 0.05290666666666671
