0 0.625546875 0.5304062500000001 0.19668750000000002 0.5561875000000001
0 0.7908437500000001 0.35290625000000003 0.12709375 0.3406041666666667
0 0.49995312499999994 0.3429270833333333 0.07209374999999996 0.2090625
0 0.267421875 0.3037708333333333 0.041156250000000005 0.13424999999999998
0 0.29878906250000004 0.28460416666666666 0.029453125000000024 0.08820833333333333
0 0.1158515625 0.3470729166666667 0.09170312500000001 0.3247291666666666
0 0.18553124999999998 0.21600000000000003 0.03618750000000001 0.0826666666666667
30 0.6466953124999999 0.8119166666666666 0.15942187499999994 0.08687499999999992
30 0.1069921875 0.5100729166666667 0.10917187499999999 0.04114583333333338
30 0.49132031249999997 0.43610416666666674 0.06717187500000005 0.018333333333333368
30 0.8015625 0.5262604166666667 0.12003125000000003 0.048395833333333416
30 0.2747421875 0.36566666666666664 0.02592187500000004 0.01070833333333332
0 0.16468750000000001 0.2976979166666667 0.03075 0.1568125
0 0.16648437500000002 0.08995833333333333 0.03290625 0.021541666666666667
30 0.18553125 0.25214583333333335 0.027749999999999997 0.0070416666666666405
