39 0.053697916666666665 0.39861718749999997 0.10485416666666666 0.17035937500000004
56 0.8927395833333334 0.3610078125 0.1403958333333334 0.14782812499999998
60 0.9701145833333333 0.34428125 0.05552083333333335 0.07374999999999998
0 0.5362291666666668 0.2814375 0.5242916666666667 0.40334375
0 0.7800625 0.237109375 0.20495833333333335 0.31243750000000003
0 0.9295625000000001 0.327578125 0.14087499999999997 0.20262500000000003
41 0.6058958333333333 0.558328125 0.10162499999999997 0.11584375000000002
41 0.31136458333333333 0.4758671875 0.06022916666666667 0.08260937500000004
41 0.37332291666666667 0.3463984375 0.06968750000000001 0.08001562499999998
42 0.6820833333333334 0.7055703125000001 0.43345833333333333 0.08210937500000004
42 0.5652083333333333 0.48349218749999995 0.1418333333333333 0.03057812500000001
53 0.3850208333333333 0.7831406249999999 0.5243333333333332 0.17303124999999997
53 0.5043645833333333 0.525 0.11597916666666674 0.028687499999999977
43 0.5271875 0.623234375 0.28708333333333336 0.02168750000000008
43 0.46687499999999993 0.5095624999999999 0.18424999999999997 0.027062499999999934
41 0.12106250000000002 0.5789609375 0.09829166666666668 0.10810937499999995
43 0.49792708333333335 0.6180078125 0.14502083333333338 0.011671874999999998
53 0.4018645833333333 0.658578125 0.21981249999999997 0.06446875000000007
60 0.5010520833333333 0.6559140625 0.9978958333333333 0.688171875
