0 0.6092734375 0.5146041666666666 0.43314062499999995 0.9303333333333333
0 0.32287499999999997 0.4293645833333333 0.16143749999999993 0.48206249999999995
0 0.16942968749999998 0.45759374999999997 0.12717187500000002 0.5603958333333333
34 0.502296875 0.15817708333333333 0.027249999999999996 0.22314583333333332
0 0.8203046875000001 0.31356249999999997 0.057296875000000025 0.11733333333333335
0 0.0783671875 0.70225 0.156734375 0.46516666666666673
0 0.7471015624999999 0.42981250000000004 0.10395312499999998 0.3361666666666667
2 0.8950546875 0.3531875 0.154109375 0.16899999999999998
35 0.1203359375 0.6232708333333333 0.08039062500000002 0.11058333333333326
34 0.7347656250000001 0.5551250000000001 0.06509375000000006 0.1522083333333334
34 0.7049921875 0.32528124999999997 0.1174218749999999 0.09660416666666666
0 0.810265625 0.41525 0.1246250000000001 0.2890416666666667
0 0.486984375 0.4483125 0.09459375000000009 0.44733333333333336
0 0.4678203125 0.4134791666666666 0.13139062500000004 0.48120833333333324
2 0.382109375 0.33845833333333336 0.0834375 0.1326666666666667
2 0.9459140625000001 0.3145625 0.08526562500000012 0.09320833333333334
13 0.9308671874999999 0.4726770833333333 0.1373281249999999 0.01331249999999995
24 0.2716484375 0.6065729166666667 0.047828125000000055 0.08289583333333339
