32 0.36900781250000003 0.3375065963060686 0.011453125000000008 0.020501319261213735
0 0.42839843749999995 0.4231266490765172 0.147609375 0.3349076517150396
0 0.2502265625 0.372664907651715 0.12385937500000002 0.4279683377308707
0 0.6210390625000001 0.3144986807387863 0.04135937500000009 0.1153825857519789
0 0.66 0.3086939313984169 0.061843749999999975 0.12440633245382585
0 0.6512421875 0.06766490765171504 0.022546874999999966 0.03744063324538259
34 0.6398046875000001 0.3915831134564644 0.11020312500000007 0.090131926121372
35 0.5004765625 0.35043535620052774 0.03229687500000006 0.04810026385224275
0 0.21740625 0.23736147757255938 0.029937500000000006 0.05055408970976252
0 0.692734375 0.3028100263852243 0.03315625 0.11522427440633251
0 0.5462812499999999 0.3561873350923483 0.11578124999999995 0.4247229551451187
0 0.3118046875 0.3370316622691293 0.054265624999999984 0.14456464379947231
0 0.7168828125 0.15059366754617415 0.029671875000000014 0.04182058047493403
0 0.8755625 0.29250659630606857 0.023499999999999854 0.10812664907651709
0 0.35035937500000003 0.3228891820580475 0.04218749999999999 0.12197889182058053
35 0.49430468749999995 0.3734036939313984 0.02076562500000001 0.035831134564643874
56 0.6126015624999999 0.1770844327176781 0.022015624999999983 0.03717678100263849
56 0.40610156249999996 0.12492084432717679 0.01285937499999995 0.029102902374670184
56 0.3913203125 0.12142480211081796 0.02092187499999998 0.024854881266490783
56 0.377375 0.12254617414248022 0.025375000000000036 0.029366754617414254
56 0.25953125 0.13587071240105542 0.016656249999999984 0.00878627968337728
56 0.7337109374999999 0.19926121372031663 0.015515625000000033 0.022796833773087055
56 0.7500546875 0.19941952506596305 0.020984374999999944 0.02791556728232189
56 0.7637890624999999 0.19819261213720316 0.01151562500000003 0.02319261213720314
56 0.7280546875 0.11848284960422163 0.011984374999999936 0.015171503957783633
0 0.4568359375 0.29484168865435356 0.03942187500000005 0.057493403693931355
56 0.3279375 0.32138522427440636 0.017000000000000015 0.0496306068601583
0 0.49453125000000003 0.19920844327176782 0.9859375 0.39841688654353563
