2 0.5776092544987146 0.8661640625 0.1360411311053984 0.04895312500000004
2 0.5122236503856041 0.8554374999999999 0.11344473007712075 0.05406250000000001
3 0.5675321336760926 0.9101562499999999 0.20473007712082258 0.07331249999999989
0 0.2508483290488432 0.787109375 0.021902313624678676 0.031625000000000014
0 0.3202185089974293 0.7723515624999999 0.012776349614395888 0.026578125000000008
0 0.33861182519280203 0.7926484375 0.01907455012853465 0.030265624999999963
25 0.9227634961439589 0.8207187499999999 0.15447300771208217 0.041312500000000085
74 0.34069408740359897 0.278125 0.07079691516709513 0.045343750000000016
0 0.28406169665809766 0.7722031250000001 0.02169665809768634 0.02921874999999996
25 0.8613110539845759 0.8242890624999999 0.10637532133676086 0.039046875000000036
56 0.9010154241645243 0.9034375000000001 0.04712082262210793 0.01518750000000002
56 0.9701928020565553 0.8811796875 0.036735218508997414 0.022765625000000123
0 0.2689331619537275 0.7944140625 0.015295629820051393 0.02407812499999995
0 0.32926735218508996 0.7902031249999999 0.01462724935732651 0.026812500000000017
0 0.0755655526992288 0.8362890625 0.03087403598971722 0.04098437500000007
2 0.12141388174807198 0.8926796875 0.2183547557840617 0.08470312499999999
56 0.9013239074550128 0.94396875 0.04670951156812342 0.036937499999999956
56 0.8625321336760926 0.881921875 0.03498714652956303 0.013406250000000064
60 0.914383033419023 0.9319140625 0.1712339331619538 0.05529687499999991
60 0.9137146529562983 0.896875 0.17257069408740355 0.025093749999999915
56 0.9867609254498715 0.94265625 0.026375321336760904 0.032625000000000015
