56 0.620390625 0.4517688022284123 0.06284374999999986 0.04114206128133707
56 0.2303359375 0.40338440111420615 0.04198437500000002 0.03133704735376047
56 0.3583671875 0.4517548746518106 0.026203124999999994 0.04334261838440112
56 0.347125 0.4064206128133705 0.03546874999999999 0.033621169916434546
56 0.1776484375 0.4589693593314763 0.036015624999999996 0.05058495821727016
56 0.23554687500000002 0.45100278551532036 0.028937500000000005 0.048467966573816135
56 0.073546875 0.2782590529247911 0.026062499999999995 0.14799442896935933
0 0.3697265625 0.7111559888579387 0.17073437499999994 0.34988857938718665
0 0.2028984375 0.7269359331476324 0.16754687500000004 0.24362116991643445
0 0.08907031250000001 0.703175487465181 0.138296875 0.28306406685236774
0 0.567703125 0.2767409470752089 0.04531250000000009 0.09181058495821731
0 0.7010234375 0.3264902506963788 0.0387343750000001 0.07420612813370475
0 0.505625 0.18353760445682452 0.028687500000000088 0.06924791086350973
0 0.2196015625 0.21884401114206126 0.057046875 0.12693593314763227
0 0.3809765625 0.4479108635097493 0.031296875 0.052200557103064094
0 0.140828125 0.2508774373259053 0.061 0.10626740947075208
0 0.3121484375 0.21206128133704735 0.038046875000000036 0.09526462395543173
0 0.5513984375000001 0.1485933147632312 0.03176562499999991 0.09935933147632314
0 0.47257031250000003 0.32101671309192203 0.035953124999999975 0.08955431754874649
0 0.3202734375 0.42738161559888577 0.063546875 0.10111420612813365
0 0.54525 0.4353481894150417 0.05396875000000012 0.08724233983286905
34 0.3123046875 0.5739275766016713 0.04154687499999998 0.06947075208913644
35 0.2679921875 0.6664484679665739 0.032828124999999986 0.07651810584958219
0 0.79515625 0.4557938718662953 0.09053124999999995 0.25431754874651813
32 0.6830546875 0.6025348189415042 0.012984375000000048 0.020724233983286933
56 0.03594531250000001 0.20038997214484677 0.011078125000000001 0.12997214484679662
56 0.73809375 0.5693871866295265 0.04196875000000011 0.09844011142061282
56 0.7879453125 0.5362952646239554 0.043828124999999996 0.09325905292479109
0 0.49921875 0.4986072423398329 0.9984375 0.9972144846796658
