6 0.525078125 0.551679104477612 0.52696875 0.608992537313433
24 0.9205468749999999 0.5894869402985075 0.037843750000000065 0.07292910447761192
0 0.888015625 0.6247294776119403 0.06109374999999995 0.24124999999999996
0 0.852984375 0.6077985074626866 0.07046875000000008 0.24958955223880597
0 0.8069609375 0.6105597014925372 0.04864062499999999 0.22973880597014923
0 0.9618437500000001 0.5024720149253732 0.01721874999999995 0.052742537313432813
0 0.97709375 0.6056250000000001 0.045812500000000034 0.2853917910447762
0 0.8754921875 0.4803264925373134 0.029828125000000094 0.04531716417910453
0 0.8363906249999999 0.5313432835820895 0.014062500000000089 0.0386194029850746
0 0.9443671874999999 0.6256623134328358 0.04423437499999994 0.23968283582089556
24 0.8388437499999999 0.650839552238806 0.0420625 0.07537313432835824
0 0.9447265624999999 0.49971082089552243 0.023265624999999956 0.019309701492537357
0 0.787671875 0.5102518656716417 0.010624999999999996 0.026175373134328273
74 0.85625 0.3735261194029851 0.044624999999999915 0.021231343283582116
