0 0.5032399999999999 0.7786533333333334 0.04967999999999989 0.1887199999999999
0 0.5352399999999999 0.7544666666666667 0.02639999999999998 0.12871999999999995
0 0.73733 0.7590266666666665 0.024739999999999984 0.11255999999999988
0 0.82957 0.77596 0.02194000000000007 0.06541333333333321
0 0.85327 0.7674266666666666 0.026739999999999986 0.08605333333333332
0 0.36782000000000004 0.7709066666666666 0.02260000000000001 0.06517333333333342
0 0.42464999999999997 0.7688666666666666 0.01789999999999997 0.06258666666666657
0 0.10988 0.7658666666666667 0.02804000000000001 0.08485333333333334
0 0.0433 0.7735733333333333 0.04672 0.10874666666666677
31 0.80027 0.8759733333333333 0.14061999999999997 0.010506666666666664
0 0.2623 0.76512 0.03775999999999999 0.08496000000000004
0 0.7872 0.81828 0.0464 0.12370666666666663
0 0.08088000000000001 0.7761333333333333 0.022640000000000007 0.059733333333333305
0 0.29613 0.7594133333333334 0.04194000000000003 0.10517333333333334
31 0.5023 0.8755066666666667 0.09659999999999996 0.028666666666666618
31 0.06305 0.8229599999999999 0.04142 0.010453333333333314
31 0.72866 0.8148133333333333 0.02727999999999997 0.01213333333333333
31 0.9589099999999999 0.8073466666666667 0.03949999999999998 0.00541333333333327
0 0.487 0.6293333333333333 0.974 0.41600000000000004
