4 0.4673515625 0.4272061657032755 0.9228281249999999 0.7195375722543353
0 0.7782109374999999 0.5916570327552987 0.04517187499999997 0.13186897880539505
0 0.7970078125000001 0.5852504816955684 0.026921874999999984 0.17647398843930634
0 0.825890625 0.6029768786127168 0.04340624999999998 0.2543930635838151
0 0.8693906250000001 0.6130443159922928 0.06381250000000005 0.2691714836223506
0 0.91921875 0.6005009633911368 0.04999999999999993 0.31784200385356454
0 0.8484375 0.5991522157996146 0.036218749999999855 0.26050096339113676
27 0.8459453125 0.5319653179190751 0.011953125000000009 0.049942196531791994
27 0.9064687499999999 0.5132658959537573 0.015281250000000024 0.02495183044315996
0 0.7205 0.551840077071291 0.07018750000000007 0.057707129094412335
2 0.5363671875 0.6035934489402698 0.5442343750000002 0.24487475915221585
