0 0.2128984375 0.46180327868852455 0.377828125 0.725854800936768
0 0.494703125 0.3949648711943794 0.24574999999999997 0.5280093676814988
0 0.45620312499999993 0.0751288056206089 0.07446874999999992 0.14562060889929743
0 0.2513125 0.16480093676814989 0.14959374999999997 0.32960187353629977
0 0.345359375 0.12528103044496489 0.10881249999999998 0.24611241217798596
0 0.5967265625 0.11765807962529275 0.12198437500000003 0.2353161592505855
0 0.840359375 0.3471896955503513 0.07346874999999997 0.19550351288056209
0 0.0181484375 0.11750585480093677 0.036296875 0.22400468384074942
0 0.6747031250000001 0.5596838407494146 0.5229375 0.38288056206089
0 0.8714609375 0.39135831381733016 0.25698437500000004 0.7530679156908665
37 0.296625 0.6903629976580796 0.59325 0.12058548009367687
