39 0.17624 0.73663 0.04229333333333332 0.1014600000000001
57 0.23554666666666668 0.70685 0.3226133333333333 0.3469
57 0.9047333333333334 0.93923 0.19053333333333333 0.12153999999999998
0 0.05105333333333334 0.6982 0.09608 0.5045200000000001
0 0.5585600000000001 0.6036 0.4865066666666667 0.77252
40 0.9135599999999999 0.8427100000000001 0.08690666666666658 0.12906000000000006
65 0.3578 0.54044 0.09576000000000001 0.17684
56 0.9002266666666667 0.93712 0.19954666666666665 0.12575999999999998
65 0.11248 0.79817 0.10320000000000001 0.03210000000000002
65 0.10718666666666668 0.7523299999999999 0.0316 0.03210000000000002
