5 0.31575 0.5931145833333333 0.16421875000000002 0.2483125
5 0.6336484375 0.33752083333333327 0.07951562499999998 0.09570833333333334
0 0.5441015625 0.6574895833333334 0.03539062500000001 0.08385416666666667
7 0.550671875 0.4305416666666667 0.06681249999999994 0.09862500000000002
7 0.9265312499999999 0.6582187499999999 0.12796874999999996 0.14418750000000002
7 0.811703125 0.5413958333333334 0.09396875000000005 0.10508333333333342
0 0.0856875 0.5261979166666666 0.03196874999999999 0.07868749999999997
0 0.7013281250000001 0.44821875 0.02471875000000001 0.0718125
0 0.0396953125 0.54590625 0.030015625000000004 0.08389583333333328
0 0.0606015625 0.49430208333333325 0.021078125000000003 0.025270833333333298
2 0.0969296875 0.8810208333333334 0.148578125 0.16191666666666682
5 0.6408671874999999 0.2797604166666666 0.05939062500000003 0.045729166666666654
5 0.6941406250000001 0.3148958333333333 0.05240624999999999 0.0784583333333333
5 0.546609375 0.23331250000000003 0.028687499999999977 0.021208333333333357
5 0.5416015625000001 0.3403541666666666 0.05532812500000006 0.06791666666666668
5 0.6140390625 0.40701041666666665 0.08057812499999994 0.12822916666666662
25 0.9768125 0.4013958333333333 0.038281250000000044 0.048333333333333284
25 0.9426171875 0.39190625 0.021734374999999972 0.03418749999999998
25 0.9679765625 0.39180208333333333 0.03195312500000003 0.0316041666666666
25 0.32632812499999997 0.04835416666666667 0.061843749999999975 0.04325000000000001
0 0.8428359374999999 0.3468020833333334 0.011328125000000022 0.02452083333333338
0 0.8672109375000001 0.36283333333333334 0.008796874999999926 0.05175000000000002
0 0.7463906250000001 0.336875 0.01474999999999993 0.03908333333333336
0 0.7676171875 0.3587083333333333 0.00773437499999996 0.007083333333333386
0 0.15575781249999998 0.47650000000000003 0.016328125 0.07258333333333328
0 0.08888281249999999 0.47758333333333336 0.016453125 0.067
2 0.074515625 0.9381041666666666 0.1489375 0.12379166666666674
2 0.15852343749999998 0.68875 0.12226562499999998 0.18725000000000003
2 0.08451562500000001 0.6126666666666667 0.08318750000000003 0.10054166666666664
2 0.334265625 0.7686145833333333 0.1111875 0.1317708333333334
2 0.127609375 0.5398229166666667 0.077625 0.07235416666666672
2 0.22016406249999998 0.5095624999999999 0.06164062499999998 0.04804166666666665
2 0.20057031250000001 0.4673645833333333 0.07020312500000003 0.07935416666666661
2 0.2676796875 0.40619791666666666 0.037484375000000014 0.04197916666666668
2 0.6465859375 0.7300208333333333 0.10717187500000003 0.11804166666666671
2 0.6842265625 0.8805937500000001 0.140296875 0.1726875
2 0.95 0.9641979166666667 0.09999999999999998 0.04197916666666668
3 0.5452109374999999 0.7009062500000001 0.024921874999999982 0.055937500000000084
7 0.80325 0.6408333333333334 0.11446875000000012 0.11887499999999995
7 0.60159375 0.4032395833333333 0.10887500000000006 0.1256875
0 0.13322656250000003 0.4748020833333334 0.01710937500000001 0.03585416666666669
0 0.16303125000000002 0.4772291666666667 0.015625 0.06749999999999995
2 0.089484375 0.7879583333333333 0.14246875000000003 0.148625
7 0.31260156250000004 0.3361770833333333 0.05385937499999999 0.06310416666666668
7 0.34852343750000003 0.2990520833333334 0.025984375000000004 0.03135416666666668
7 0.8699296875 0.8634479166666666 0.1605468750000001 0.19989583333333327
0 0.5515625000000001 0.384375 0.6843750000000001 0.04375000000000001
2 0.5 0.6416666666666666 0.9937499999999999 0.7125
