44 0.8680546875 0.5941458333333334 0.26389062499999993 0.16012499999999996
45 0.5 0.5045 1.0 0.9685416666666666
50 0.11371875000000001 0.26366666666666666 0.09565625 0.16370833333333334
51 0.16199218750000002 0.5453958333333334 0.11267187500000003 0.14133333333333337
51 0.2698359375 0.5223125 0.073171875 0.08658333333333335
44 0.276609375 0.08633333333333333 0.14021874999999998 0.17266666666666666
50 0.51171875 0.08889583333333334 0.058156250000000076 0.06320833333333334
50 0.33511718749999997 0.20165625 0.087390625 0.10897916666666668
50 0.261359375 0.17867708333333332 0.06640625 0.10593749999999999
51 0.8051718750000001 0.43709374999999995 0.10043750000000007 0.09002083333333338
51 0.6963984375000001 0.5373020833333333 0.087984375 0.12681249999999994
51 0.9051562500000001 0.5443958333333334 0.057937500000000086 0.07087499999999991
51 0.8458828125 0.5887083333333334 0.039234375000000044 0.08891666666666664
51 0.52215625 0.15411458333333333 0.03496874999999999 0.02389583333333331
51 0.3083828125 0.3781666666666667 0.07057812499999994 0.037250000000000005
51 0.574734375 0.13069791666666666 0.058250000000000135 0.02727083333333334
51 0.6045234374999999 0.18705208333333334 0.051359374999999985 0.03685416666666666
69 0.5 0.4948020833333333 1.0 0.9792291666666666
51 0.29793749999999997 0.3007916666666666 0.11278125 0.13679166666666662
