39 0.023546875 0.6961267605633803 0.03540624999999999 0.24868544600938958
39 0.88565625 0.8474413145539906 0.026531250000000006 0.08380281690140845
39 0.010468750000000002 0.7162910798122065 0.017937500000000002 0.23145539906103285
73 0.1913671875 0.8158802816901409 0.14164062500000002 0.06467136150234742
78 0.93409375 0.651150234741784 0.07165625000000009 0.13582159624413137
54 0.20120312499999998 0.37888497652582154 0.018875000000000003 0.0342957746478873
54 0.21507031250000003 0.39260563380281693 0.023328125000000005 0.037183098591549335
0 0.605328125 0.4913732394366197 0.43384375000000003 0.9788028169014085
54 0.20683593749999998 0.4222417840375587 0.02270312499999999 0.03664319248826298
54 0.2379453125 0.42470657276995305 0.03332812499999996 0.03396713615023472
54 0.287328125 0.37291079812206573 0.024249999999999994 0.04084507042253521
54 0.23031250000000003 0.35416666666666663 0.023562500000000042 0.026971830985915546
54 0.25086718750000003 0.3670422535211268 0.020171875000000006 0.02990610328638499
54 0.2667734375 0.3633333333333334 0.017328125000000028 0.02718309859154927
54 0.214234375 0.35752347417840374 0.01831250000000001 0.02312206572769948
54 0.269578125 0.42492957746478877 0.02653124999999995 0.039248826291079786
39 0.042585937500000004 0.6953286384976525 0.02482812500000001 0.23741784037558678
71 0.5972890625 0.8693661971830985 0.519484375 0.11596244131455391
