27 0.6820491803278688 0.4299609375 0.09768149882903987 0.24495312500000005
26 0.16073770491803277 0.3997265625 0.15487119437939106 0.284765625
0 0.27379391100702577 0.749640625 0.43526932084309133 0.45903125
0 0.09283372365339579 0.4380625 0.17892271662763465 0.5630625
0 0.33457845433255273 0.338953125 0.21997658079625296 0.5278125000000001
0 0.18526932084309133 0.29048437499999996 0.18889929742388756 0.47471874999999997
56 0.38941451990632314 0.53678125 0.33395784543325524 0.3183125
0 0.9372833723653395 0.7081484375 0.1254332552693208 0.583703125
0 0.5171428571428571 0.2236796875 0.1535831381733021 0.302390625
0 0.44484777517564406 0.181328125 0.1289929742388759 0.18381250000000005
0 0.9069203747072601 0.0566171875 0.10400468384074946 0.046765625000000005
0 0.7663700234192037 0.1459765625 0.23067915690866514 0.24932812499999996
0 0.7073067915690867 0.5502812499999999 0.5220608899297424 0.8511249999999999
0 0.8871662763466042 0.22332812500000002 0.16618266978922713 0.3458125
0 0.06646370023419204 0.8101875000000001 0.13292740046838408 0.30884375
0 0.9233957845433255 0.22061718749999998 0.15320843091334901 0.325796875
