27 0.45044166666666663 0.33977443609022556 0.019383333333333308 0.13187969924812026
27 0.6619166666666667 0.32791979949874683 0.046433333333333326 0.1046616541353384
27 0.7938000000000001 0.4415288220551378 0.05823333333333325 0.26857142857142857
27 0.32815833333333333 0.4068922305764411 0.017183333333333328 0.12706766917293233
27 0.5645333333333333 0.38225563909774435 0.030933333333333257 0.09829573934837088
27 0.14125 0.3442481203007519 0.014166666666666689 0.05486215538847122
0 0.18455 0.2494360902255639 0.061266666666666664 0.1662907268170426
0 0.69955 0.5598245614035088 0.15773333333333328 0.8789974937343359
0 0.5900333333333333 0.5894736842105264 0.12080000000000002 0.7952882205513785
0 0.513 0.5463157894736842 0.09366666666666662 0.7816541353383459
0 0.42941666666666667 0.5183208020050126 0.15506666666666669 0.7331829573934838
0 0.2757166666666667 0.26629072681704263 0.07023333333333331 0.1954887218045113
0 0.33081666666666665 0.5547994987468672 0.16096666666666665 0.6711528822055137
0 0.9088333333333334 0.5415664160401003 0.1789666666666666 0.8814786967418546
0 0.839525 0.5494110275689222 0.16795000000000004 0.8995739348370927
0 0.39284166666666664 0.2374436090225564 0.06641666666666662 0.1206516290726817
0 0.21776666666666666 0.5624436090225563 0.1295666666666667 0.6408270676691729
0 0.126 0.5541102756892231 0.15689999999999998 0.6983959899749373
0 0.043666666666666666 0.5346616541353384 0.08733333333333333 0.669624060150376
