2 0.6685234375 0.7525825471698113 0.056140625000000055 0.03356132075471707
33 0.1740859375 0.047900943396226414 0.04039062500000001 0.03929245283018867
2 0.3859296875 0.7559787735849057 0.07701562499999998 0.030165094339622667
2 0.7103671874999999 0.7554952830188679 0.06057812500000004 0.029103773584905568
2 0.6048359375 0.7497287735849056 0.028796875000000055 0.01893867924528303
0 0.05572656249999999 0.8705424528301887 0.025390624999999993 0.07834905660377367
0 0.091796875 0.8912617924528301 0.024843749999999998 0.08903301886792458
0 0.232296875 0.8800707547169813 0.017312500000000036 0.07216981132075484
0 0.289296875 0.8836084905660377 0.02646875000000004 0.08066037735849063
0 0.4351328125 0.9111438679245283 0.014484374999999994 0.05903301886792456
0 0.429109375 0.9212382075471698 0.020999999999999963 0.07323113207547172
0 0.4483828125 0.9172877358490567 0.02076562500000001 0.07169811320754715
0 0.5317890625 0.8999646226415094 0.022171874999999952 0.05577830188679245
0 0.8955859374999999 0.8439150943396226 0.011734375000000075 0.061367924528301865
2 0.7531249999999999 0.731061320754717 0.010468750000000027 0.007594339622641555
2 0.5886015625 0.754740566037736 0.025203124999999993 0.03136792452830195
2 0.8409921874999999 0.7479363207547169 0.05545312499999999 0.020165094339622658
2 0.9023749999999999 0.7479009433962265 0.04596875 0.024528301886792447
13 0.46151562500000004 0.785495283018868 0.041468750000000054 0.033207547169811336
13 0.516828125 0.7827830188679246 0.01981250000000001 0.03570754716981128
0 0.9086718749999999 0.848125 0.011312500000000059 0.054033018867924665
0 0.9028203125 0.8474764150943396 0.008484374999999988 0.03594339622641507
0 0.5136406250000001 0.9043514150943396 0.016562500000000036 0.03709905660377366
0 0.22782812500000002 0.8335141509433962 0.02171875000000001 0.03410377358490568
2 0.6386093749999999 0.7540801886792452 0.04556250000000006 0.0272169811320756
2 0.2908515625 0.732617924528302 0.05285937500000004 0.01165094339622641
0 0.5328125 0.7606132075471699 0.846875 0.17688679245283023
