56 0.8853183962264152 0.5644843749999999 0.210306603773585 0.28090625
56 0.6605070754716982 0.9128984375 0.6789858490566038 0.1380156250000001
0 0.5821108490566038 0.3960078125 0.7310141509433962 0.639015625
42 0.4965094339622642 0.11406250000000001 0.28867924528301897 0.056281250000000005
45 0.42377358490566036 0.6859843750000001 0.3744811320754716 0.11146875000000012
47 0.6405424528301886 0.6639140625000001 0.1185849056603775 0.08142187499999998
60 0.49928066037735847 0.81828125 0.9985613207547169 0.3634375000000001
60 0.13876179245283018 0.387 0.27752358490566037 0.35875000000000007
0 0.3282311320754717 0.12861718749999998 0.417688679245283 0.24873437499999998
44 0.1840566037735849 0.6718828125 0.14740566037735847 0.027765624999999905
