17 0.6506500000000001 0.29378698224852073 0.2721 0.26023668639053255
17 0.32419 0.3451627218934911 0.17154 0.20860946745562134
17 0.70943 0.7698964497041421 0.27622 0.2580769230769231
0 0.66429 0.14150887573964496 0.0668200000000001 0.09733727810650887
0 0.7370000000000001 0.6420266272189348 0.08012000000000008 0.2031656804733727
0 0.24825000000000003 0.6599260355029586 0.08878 0.2491420118343194
0 0.34521999999999997 0.2827810650887574 0.07444 0.1423668639053254
0 0.34968 0.7177071005917159 0.035640000000000005 0.16352071005917157
0 0.41035000000000005 0.7069082840236687 0.030220000000000025 0.14346153846153853
0 0.8918900000000001 0.2630917159763314 0.04622000000000004 0.13014792899408284
0 0.95027 0.2586242603550296 0.031420000000000003 0.12713017751479286
0 0.92514 0.23329881656804732 0.027719999999999967 0.09269230769230768
17 0.2028 0.776405325443787 0.2476 0.2629289940828402
0 0.03495 0.6876331360946746 0.029060000000000002 0.15751479289940828
0 0.5253399999999999 0.6977662721893492 0.03639999999999988 0.14328402366863913
0 0.51362 0.21772189349112425 0.020359999999999934 0.06402366863905323
17 0.07311999999999999 0.33838757396449703 0.11159999999999998 0.1842899408284024
17 0.15597 0.3328254437869822 0.060980000000000006 0.1698520710059171
0 0.9900100000000001 0.24717455621301776 0.019979999999999998 0.1364792899408284
0 0.499 0.5088757396449703 0.998 0.7514792899408284
