0 0.17589052287581702 0.3338807189542483 0.08570261437908497 0.22086601307189532
0 0.307687908496732 0.33239379084967324 0.06491830065359477 0.23338235294117654
0 0.7767892156862746 0.36571895424836603 0.18919934640522873 0.2189869281045752
0 0.20185457516339866 0.7451143790849672 0.10132352941176467 0.19748366013071883
0 0.31915032679738564 0.7320098039215687 0.03356209150326794 0.13035947712418294
0 0.6979820261437908 0.7251797385620915 0.0119117647058824 0.020032679738562154
29 0.41822712418300656 0.6860130718954248 0.017140522875816966 0.009183006535947724
29 0.2215359477124183 0.3005718954248366 0.014836601307189556 0.030980392156862768
0 0.42117647058823526 0.25254084967320256 0.018627450980392146 0.055898692810457506
29 0.851062091503268 0.31957516339869285 0.03807189542483669 0.017418300653594787
29 0.3194199346405229 0.36602941176470594 0.00985294117647062 0.03395424836601307
