39 0.23219791666666667 0.35829687500000007 0.0370625 0.06546875000000002
39 0.28110416666666665 0.274328125 0.031208333333333282 0.06553125000000001
39 0.3720833333333333 0.7646484375 0.08854166666666663 0.101609375
39 0.31053125000000004 0.27231250000000007 0.02172916666666669 0.06556250000000002
39 0.3211666666666667 0.181015625 0.029500000000000026 0.07674999999999998
39 0.13733333333333334 0.2641953125 0.03433333333333333 0.09442187499999999
39 0.7025208333333333 0.0789765625 0.028249999999999997 0.06642187499999999
39 0.7656145833333333 0.07200000000000001 0.019479166666666714 0.05800000000000001
61 0.5326770833333333 0.743671875 0.30506249999999996 0.4178750000000001
26 0.7361145833333333 0.35257031250000004 0.07977083333333335 0.09854687499999998
39 0.33510416666666665 0.1021328125 0.018333333333333368 0.05501562500000001
39 0.26477083333333334 0.18379687500000003 0.02516666666666667 0.0584375
39 0.25629166666666664 0.09852343750000002 0.028708333333333308 0.059265625000000016
71 0.04054166666666667 0.4876796875 0.08108333333333334 0.19710937499999998
39 0.7283958333333334 0.0728359375 0.02749999999999997 0.077671875
39 0.8211458333333334 0.058859375000000005 0.02358333333333329 0.07040625
39 0.565625 0.41484375 0.4020833333333334 0.7953125
