17 0.7792343749999999 0.5794238281249999 0.4248124999999999 0.46693359375
17 0.7633125000000001 0.571796875 0.4420625 0.4630859375
17 0.535484375 0.393935546875 0.12281249999999999 0.08517578125000003
17 0.571453125 0.704130859375 0.16746875000000006 0.53251953125
17 0.6560078125 0.36851562499999996 0.12201562499999996 0.09585937499999997
0 0.42738281249999993 0.613388671875 0.2606093749999999 0.74974609375
0 0.8185625 0.33797851562500003 0.10081249999999997 0.14482421875
0 0.6157578125 0.312802734375 0.016453124999999957 0.028925781250000004
0 0.015734375000000002 0.370380859375 0.03125 0.07412109375000003
0 0.47489062499999996 0.35628906250000003 0.045656249999999954 0.06156250000000002
0 0.0678515625 0.40107421875000004 0.067609375 0.05292968749999999
0 0.082203125 0.35220703124999997 0.03740625 0.065859375
0 0.3277578125 0.35455078125000006 0.05589062500000003 0.111015625
0 0.936109375 0.52060546875 0.12696875000000007 0.477578125
17 0.0674140625 0.6145996093749999 0.131234375 0.40224609375
0 0.5535859375000001 0.31349609375 0.012203124999999981 0.019648437500000004
0 0.781921875 0.325185546875 0.03849999999999998 0.05451171874999999
0 0.7834531250000001 0.296435546875 0.033499999999999974 0.045292968749999996
0 0.49617187499999993 0.341787109375 0.03506249999999994 0.07142578124999999
0 0.24609375 0.3212890625 0.0234375 0.033203125
