32 0.0936640625 0.9269086651053864 0.039234375 0.06327868852459007
32 0.3100625 0.5899414519906323 0.022749999999999992 0.023489461358313757
32 0.1389375 0.948864168618267 0.03521874999999999 0.055807962529274
32 0.1118984375 0.9737353629976581 0.039734375 0.05252927400468388
0 0.5022656249999999 0.5089812646370023 0.44078125 0.9595550351288057
35 0.43792968749999994 0.5486768149882904 0.12973437499999996 0.2589461358313817
32 0.18778125 0.9372248243559719 0.03359374999999998 0.03978922716627631
32 0.1706171875 0.9668149882903981 0.04082812499999999 0.055175644028103044
32 0.021796875 0.9755854800936767 0.04034375 0.04882903981264641
32 0.0632421875 0.9050468384074941 0.025015625000000014 0.02873536299765811
32 0.070265625 0.9734192037470726 0.04328124999999999 0.05316159250585473
2 0.075578125 0.44289227166276346 0.15115625 0.23763466042154563
32 0.0318828125 0.8943091334894614 0.044921875 0.06997658079625291
32 0.04265624999999999 0.937903981264637 0.03887499999999999 0.061522248243559674
32 0.0110234375 0.9370023419203748 0.022046875 0.055878220140515245
