0 0.7691718750000001 0.5112361111111111 0.10490625000000009 0.5955277777777779
0 0.9745078125 0.33334722222222224 0.04676562499999992 0.1604166666666667
0 0.21203125 0.28674999999999995 0.04237499999999997 0.19711111111111107
0 0.1365 0.28874999999999995 0.053281249999999974 0.19866666666666663
0 0.077203125 0.28665277777777776 0.040656250000000005 0.1910277777777777
0 0.05959375 0.22086111111111112 0.02021875 0.15927777777777782
0 0.279859375 0.24301388888888886 0.02221875000000001 0.12063888888888885
0 0.311203125 0.22219444444444442 0.02265624999999999 0.1235555555555555
0 0.8337734375 0.3167083333333333 0.07267187499999994 0.1846944444444444
17 0.5770390625 0.55325 0.400703125 0.7213333333333333
27 0.8368671875 0.31595833333333334 0.007515624999999915 0.07786111111111116
7 0.9539765625000001 0.2355277777777778 0.09170312500000011 0.10894444444444445
0 0.5942109375 0.6696388888888889 0.07773437500000002 0.32405555555555543
0 0.5091093750000001 0.7237222222222222 0.10425000000000001 0.3289444444444444
0 0.9373828125 0.3798888888888889 0.04864062499999999 0.26055555555555554
5 0.9535390625 0.22858333333333333 0.09292187500000004 0.10516666666666669
26 0.099765625 0.28925 0.019468750000000007 0.03772222222222221
26 0.1550546875 0.29286111111111107 0.02292187499999998 0.040722222222222215
26 0.22717187499999997 0.2123611111111111 0.00509374999999998 0.04272222222222222
58 0.1246953125 0.5665 0.01710937500000001 0.04416666666666669
58 0.94365625 0.6671805555555554 0.11268750000000005 0.35269444444444437
58 0.36327343749999996 0.5271944444444445 0.033046874999999976 0.03433333333333333
58 0.3184296875 0.5500416666666668 0.03773437499999999 0.0900833333333334
58 0.3565078125 0.5689861111111112 0.04076562500000003 0.05730555555555561
58 0.0976484375 0.5625416666666667 0.031046875 0.06563888888888891
58 0.216703125 0.5493333333333333 0.049624999999999975 0.09572222222222226
58 0.1804375 0.5467500000000001 0.06865624999999997 0.09611111111111115
58 0.7061875 0.5865138888888889 0.05549999999999988 0.06430555555555562
58 0.8668437499999999 0.6007777777777777 0.051156250000000014 0.06188888888888888
58 0.8328828125000001 0.5632222222222222 0.04795312500000015 0.11977777777777776
0 0.8868281250000001 0.33043055555555556 0.0363437499999999 0.15397222222222223
27 0.33289843750000003 0.22516666666666668 0.006046875000000007 0.04516666666666666
27 0.39561718749999997 0.22791666666666666 0.003203125000000029 0.04644444444444443
27 0.9326796874999999 0.3039027777777778 0.005046875000000006 0.008083333333333331
0 0.49921875 0.49722222222222223 0.9984375 0.7277777777777779
58 0.47734374999999996 0.5527777777777778 0.8359375 0.11111111111111105
