60 0.544328125 0.8119320843091336 0.91134375 0.35585480093676813
0 0.7846640625000001 0.20146370023419202 0.415671875 0.38826697892271655
0 0.24982031250000003 0.17515222482435597 0.46373437500000003 0.34529274004683835
41 0.97228125 0.4595433255269321 0.05543750000000003 0.3528103044496487
41 0.142546875 0.7447658079625292 0.13509374999999996 0.33355971896955505
41 0.0472265625 0.7550585480093677 0.091453125 0.48088992974238887
42 0.8401562499999999 0.2680444964871194 0.13153125 0.06887587822014049
53 0.5048984375000001 0.4549531615925058 0.898609375 0.48423887587822
41 0.20210937499999998 0.3310772833723653 0.12471874999999999 0.05629976580796253
41 0.9165703125 0.626112412177986 0.09501562499999994 0.13967213114754107
41 0.0303046875 0.4604332552693209 0.058609375 0.11604215456674472
