3 0.244921875 0.5078772378516624 0.044031249999999994 0.14414322250639383
3 0.2898515625 0.3912787723785166 0.02876562499999996 0.12552429667519177
3 0.60790625 0.3882992327365729 0.06299999999999994 0.16263427109974427
3 0.4300859375 0.19469309462915602 0.027140624999999974 0.14979539641943732
3 0.48040625000000003 0.20808184143222505 0.05049999999999999 0.15872122762148339
3 0.5386796875 0.2534015345268542 0.04117187499999997 0.1788746803069054
3 0.81140625 0.8014066496163683 0.055343750000000025 0.14184143222506396
3 0.683171875 0.5938107416879795 0.07943750000000005 0.13242966751918162
3 0.38040625 0.22699488491048592 0.028874999999999984 0.14043478260869566
3 0.3285234375 0.295306905370844 0.03395312499999997 0.1389002557544757
7 0.30546874999999996 0.7471994884910486 0.14690624999999996 0.24943734015345265
0 0.6841171875000001 0.5261253196930946 0.047734374999999996 0.15081841432225063
0 0.9652578125 0.8242966751918159 0.01642187500000003 0.04792838874680305
0 0.8027890625 0.7288363171355499 0.06573437500000012 0.15843989769820976
0 0.362578125 0.1373913043478261 0.039906249999999976 0.11938618925831203
0 0.6009765625 0.33283887468030693 0.050734375 0.12235294117647061
0 0.5238515625000001 0.18726342710997443 0.06654687500000006 0.05703324808184146
0 0.4172421875 0.09948849104859334 0.04098437499999996 0.1411253196930946
0 0.315890625 0.2286445012787724 0.04981250000000004 0.08383631713554987
0 0.2734375 0.3337851662404092 0.03962500000000002 0.05928388746803065
0 0.2353828125 0.48604859335038364 0.036984375000000014 0.08462915601023019
0 0.91675 0.7957289002557545 0.009218750000000053 0.024347826086956514
0 0.46221875 0.1107544757033248 0.04887500000000006 0.12263427109974423
0 0.9389609374999999 0.8311253196930946 0.016890624999999937 0.04925831202046038
0 0.9421875 0.8222506393861893 0.11249999999999993 0.07928388746803061
