0 0.5059375 0.5222734375 0.988125 0.9242656249999999
73 0.12284375 0.3194765625 0.06022916666666667 0.056140625000000055
73 0.04097916666666667 0.193671875 0.08195833333333334 0.06059375
73 0.03209375 0.2209609375 0.06372916666666666 0.05445312500000002
73 0.04188541666666667 0.245140625 0.08377083333333334 0.0786875
73 0.08201041666666667 0.27540624999999996 0.07485416666666667 0.07228125000000002
73 0.09879166666666667 0.297875 0.06641666666666667 0.05874999999999997
73 0.052895833333333336 0.2917421875 0.10579166666666667 0.11282812499999997
76 0.4352916666666667 0.6781015625 0.1821666666666667 0.34157812499999984
73 0.08670833333333333 0.289234375 0.06433333333333334 0.05984374999999997
