2 0.9095200000000001 0.3557748538011696 0.16732000000000002 0.09318713450292393
2 0.82792 0.3683625730994152 0.09436 0.0732163742690059
2 0.94014 0.3689035087719298 0.11972000000000005 0.07307017543859645
2 0.46635000000000004 0.4264766081871345 0.09725999999999996 0.10201754385964917
2 0.40309 0.37328947368421056 0.07106000000000001 0.08260233918128657
2 0.80516 0.3650730994152047 0.13860000000000006 0.0819590643274854
2 0.5056 0.3738888888888889 0.11428000000000005 0.06222222222222218
0 0.6597999999999999 0.41226608187134506 0.21508000000000005 0.5799122807017545
0 0.14140999999999998 0.5760380116959064 0.2367 0.6809064327485381
29 0.8235300000000001 0.21593567251461987 0.06857999999999997 0.04333333333333331
0 0.009699999999999999 0.4251900584795322 0.01868 0.16394736842105267
2 0.80874 0.36608187134502923 0.08084000000000013 0.07274853801169595
2 0.70258 0.37989766081871346 0.06652000000000002 0.05780701754385964
2 0.74997 0.3552777777777778 0.06141999999999992 0.03552631578947374
