0 0.34237500000000004 0.5593645833333333 0.16981250000000003 0.5636041666666667
0 0.5401328125 0.57684375 0.13607812500000005 0.4778125
0 0.7226406249999999 0.5775104166666667 0.2179375 0.5559791666666666
0 0.49262500000000004 0.41641666666666666 0.03737500000000005 0.1040416666666667
0 0.43243750000000003 0.4122916666666666 0.04849999999999999 0.1281666666666667
0 0.11103125 0.4293333333333333 0.05590624999999999 0.21120833333333333
0 0.030820312500000002 0.45434374999999994 0.061640625000000004 0.28310416666666666
0 0.15100000000000002 0.39965625 0.026624999999999982 0.09356249999999999
30 0.331609375 0.9156562500000001 0.11978125 0.1657291666666667
30 0.7276171874999999 0.92425 0.12982812500000007 0.1509583333333333
30 0.0478828125 0.589375 0.095765625 0.040874999999999995
30 0.10498437499999999 0.5349062499999999 0.08478124999999997 0.036520833333333225
0 0.399046875 0.3782916666666667 0.023156250000000045 0.03137500000000004
30 0.5269843750000001 0.8270104166666666 0.11887499999999995 0.19927083333333329
