2 0.2094453125 0.6433645833333332 0.08404687500000002 0.07989583333333339
36 0.253765625 0.8855625 0.08646875000000004 0.05195833333333333
2 0.2730625 0.6333854166666667 0.04931249999999998 0.042312499999999975
0 0.5628828125 0.8548645833333334 0.13354687500000006 0.29027083333333326
0 0.8704765625 0.75321875 0.04604687500000004 0.07639583333333333
0 0.7277265625 0.7012083333333334 0.02235937500000007 0.03791666666666671
0 0.79353125 0.7770520833333334 0.05565624999999985 0.16972916666666682
0 0.9278124999999999 0.8613229166666667 0.13746875000000003 0.2773541666666667
0 0.351 0.7406979166666667 0.052749999999999964 0.19818749999999996
2 0.8121796875 0.6984062499999999 0.048890624999999965 0.047520833333333345
24 0.5540078125 0.8158125 0.08179687499999999 0.10712500000000003
24 0.482515625 0.6785833333333334 0.011937499999999934 0.024708333333333332
36 0.033578125 0.9725208333333333 0.06715625 0.05495833333333333
0 0.4213203125 0.7004583333333332 0.043734374999999936 0.12475000000000003
0 0.2682109375 0.783625 0.10257812499999999 0.21299999999999997
0 0.40561718750000003 0.6933125 0.024046875000000023 0.08966666666666678
0 0.733953125 0.8040520833333332 0.08615625000000005 0.2139791666666666
0 0.19130468750000001 0.7193958333333333 0.07439062500000002 0.1456249999999999
0 0.5772890625 0.6990520833333334 0.036140624999999926 0.0719791666666667
24 0.8696328125000001 0.86871875 0.05695312500000005 0.1165208333333334
24 0.3459921875 0.69884375 0.025484375000000004 0.04256249999999995
24 0.0425859375 0.7150208333333333 0.085171875 0.12295833333333328
24 0.5450859375000001 0.6678125000000001 0.01542187500000003 0.027416666666666756
24 0.8014453125000001 0.73846875 0.032296875 0.05206250000000001
36 0.42335156249999994 0.7648229166666667 0.027953124999999968 0.02185416666666673
36 0.2014921875 0.7716041666666668 0.03589062500000001 0.023791666666666655
36 0.472 0.7513645833333333 0.01387499999999997 0.012979166666666653
36 0.727578125 0.88028125 0.04062499999999991 0.031604166666666655
36 0.6830078125000001 0.7957291666666667 0.026953125000000022 0.016250000000000098
36 0.66025 0.7573645833333333 0.01375000000000004 0.012812500000000004
36 0.6521328125 0.7291979166666667 0.009359375000000059 0.010645833333333354
36 0.4062421875 0.7371458333333334 0.01682812499999997 0.014624999999999999
0 0.27082812500000003 0.65690625 0.029281250000000036 0.07768750000000002
36 0.0293671875 0.9505104166666667 0.053453125 0.03952083333333345
36 0.153984375 0.6888958333333334 0.020843750000000022 0.03849999999999998
36 0.4723125 0.6841354166666667 0.004656250000000028 0.005645833333333239
24 0.5805703125 0.6815312499999999 0.017765625000000007 0.01793750000000005
0 0.6515625 0.75 0.11562499999999998 0.15416666666666656
36 0.803125 0.8520833333333333 0.09375 0.17083333333333328
