67 0.5978749999999999 0.053253638253638255 0.00996874999999997 0.010374220374220366
67 0.9209453125 0.12999999999999998 0.00904687500000001 0.030062370062370045
0 0.1136640625 0.7048544698544699 0.14251562499999998 0.5665904365904365
0 0.6876953124999999 0.16650727650727648 0.137046875 0.16457380457380455
0 0.555609375 0.08476091476091477 0.09606250000000005 0.16952182952182954
0 0.7973281249999999 0.21585239085239086 0.10912500000000003 0.185010395010395
38 0.15809375 0.8508212058212058 0.09121875000000002 0.20908523908523913
0 0.9315 0.3032848232848233 0.0998437499999999 0.13114345114345116
0 0.8615 0.11512474012474012 0.1159062500000001 0.23024948024948025
67 0.8380078124999999 0.227983367983368 0.0251093750000001 0.02216216216216213
67 0.634390625 0.18219334719334718 0.023406250000000073 0.016528066528066515
0 0.37439843749999996 0.04938669438669439 0.12882812499999996 0.09877338877338877
0 0.47915625000000006 0.07093555093555094 0.09431250000000002 0.14074844074844076
0 0.8993046874999999 0.13864864864864862 0.10432812499999988 0.23168399168399165
0 0.96540625 0.17138253638253637 0.06918749999999996 0.20093555093555093
0 0.757171875 0.07534303534303535 0.10203125000000002 0.1506860706860707
0 0.6463125000000001 0.093991683991684 0.15096874999999998 0.1843659043659044
