57 0.6266171875 0.6064583333333333 0.28548437499999996 0.32687499999999997
63 0.59628125 0.6092291666666667 0.15540624999999997 0.13512500000000005
69 0.17528125 0.5033749999999999 0.10787499999999997 0.26516666666666666
73 0.508671875 0.402625 0.008937500000000043 0.05829166666666663
73 0.4583984375 0.39325 0.01114062499999996 0.06295833333333334
73 0.5234296875 0.47072916666666664 0.006671874999999994 0.05470833333333336
73 0.4832578125 0.39989583333333334 0.009421874999999968 0.05733333333333335
73 0.5317421874999999 0.33558333333333334 0.005046875000000006 0.0561666666666667
73 0.46180468750000003 0.33108333333333334 0.013484374999999993 0.0561666666666667
73 0.3489765625 0.5460729166666667 0.016734375000000024 0.05527083333333338
75 0.3465390625 0.35134375 0.01960937500000004 0.04122916666666665
75 0.3858203125 0.34329166666666666 0.04779687499999996 0.06470833333333337
45 0.37648437500000004 0.8803229166666666 0.058250000000000024 0.0769375000000001
65 0.5106406250000001 0.6493125 0.024875000000000036 0.017916666666666692
73 0.3537734375 0.4788541666666667 0.014703125000000039 0.05733333333333329
73 0.38382812499999996 0.41623958333333333 0.00484374999999998 0.0370625
73 0.507078125 0.46367708333333335 0.021156250000000043 0.06110416666666668
73 0.49617187500000004 0.3993645833333333 0.012843750000000043 0.06014583333333334
75 0.33121875 0.3476875 0.03228125000000004 0.05991666666666662
0 0.6232187499999999 0.5836250000000001 0.1999375 0.32966666666666666
56 0.1540703125 0.7260625 0.141484375 0.16541666666666677
73 0.3297734375 0.4222916666666667 0.009515625000000028 0.05933333333333335
73 0.5113046875 0.3387604166666667 0.012609374999999923 0.04764583333333333
73 0.4359375 0.4447916666666667 0.27812499999999996 0.3479166666666667
