48 0.31935156249999996 0.5434389671361503 0.279703125 0.3415727699530516
60 0.5018203124999999 0.528169014084507 0.991734375 0.9038028169014084
0 0.43925000000000003 0.07769953051643191 0.5666875 0.15089201877934272
42 0.3508203125 0.46772300469483563 0.40492187499999993 0.18478873239436622
43 0.46322656250000005 0.4272535211267605 0.09657812500000001 0.06427230046948357
43 0.18359375 0.5380868544600939 0.06393750000000001 0.054671361502347415
42 0.40535937499999997 0.04870892018779342 0.04699999999999993 0.09708920187793427
43 0.3205 0.09633802816901409 0.11390625000000004 0.11291079812206575
0 0.9199140625 0.09888497652582158 0.149578125 0.19326291079812205
41 0.7728203124999999 0.16104460093896714 0.17289062499999996 0.3220892018779343
41 0.072421875 0.3863145539906104 0.1345 0.533661971830986
41 0.11669531250000001 0.2675352112676056 0.188453125 0.49868544600938963
41 0.6007031249999999 0.19811032863849765 0.15003124999999995 0.3934037558685446
45 0.3873125 0.19395539906103285 0.30196875 0.22377934272300465
