39 0.4745390625 0.9234073107049607 0.08626562499999996 0.1531853785900784
27 0.526265625 0.4570496083550914 0.01634374999999988 0.11195822454308091
27 0.3033125 0.43191906005221925 0.012343749999999987 0.08749347258485635
27 0.0697109375 0.7132114882506528 0.036296875000000006 0.1404177545691906
0 0.47232812500000004 0.6516318537859008 0.13787500000000008 0.6967362924281983
0 0.5414375 0.6276109660574413 0.10187499999999994 0.6703655352480418
0 0.5804765625 0.5544908616187989 0.06932812499999996 0.5197911227154047
0 0.39217187499999995 0.6433942558746737 0.06906249999999997 0.5702872062663185
0 0.285765625 0.5865274151436031 0.07665624999999998 0.6651697127937336
0 0.18213281250000002 0.5434725848563968 0.146828125 0.7685117493472585
0 0.1946484375 0.6390731070496083 0.389296875 0.7218537859007833
0 0.838078125 0.6780678851174935 0.2972187500000001 0.6174412532637075
0 0.9530937500000001 0.4966710182767624 0.048812500000000036 0.1749608355091385
0 0.24199218749999998 0.5749477806788511 0.10282812499999999 0.7161096605744125
0 0.33553125 0.613485639686684 0.052437500000000026 0.5752741514360313
0 0.357875 0.40216710182767623 0.03949999999999998 0.14548302872062657
56 0.970234375 0.6937989556135771 0.059531250000000036 0.12122715404699747
56 0.7620859375 0.6987859007832897 0.07998437499999989 0.14399477806788508
0 0.36415625 0.6748433420365536 0.023906250000000018 0.32227154046997397
0 0.6953125 0.6135770234986945 0.60625 0.5796344647519582
