74 0.4827951002227172 0.14573333333333335 0.20028953229398666 0.23713333333333336
0 0.7268596881959911 0.7893916666666667 0.08859688195991078 0.21461666666666657
0 0.8040423162583519 0.77965 0.05570155902004448 0.14536666666666664
0 0.5029955456570157 0.813925 0.07507795100222714 0.2089833333333334
0 0.27809576837416483 0.7496416666666665 0.0478619153674833 0.11981666666666657
0 0.9246993318485524 0.7415750000000001 0.04828507795100223 0.08928333333333327
67 0.7497772828507796 0.7091916666666667 0.008997772828507888 0.0059833333333333405
0 0.8550222717149221 0.7399 0.04042316258351886 0.10123333333333329
0 0.8880957683741648 0.7427083333333333 0.0379732739420936 0.09358333333333324
0 0.9758685968819598 0.727875 0.04487750556792869 0.09255000000000002
0 0.6512583518930959 0.6838666666666666 0.014721603563474406 0.020199999999999996
26 0.7088641425389755 0.8239666666666666 0.06783964365256112 0.05013333333333336
26 0.8227060133630288 0.7692083333333334 0.03587973273942102 0.032783333333333387
26 0.941325167037862 0.7571166666666667 0.016280623608017852 0.029333333333333322
