16 0.08104687499999999 0.5595104166666667 0.13640625 0.10752083333333329
67 0.28592968750000003 0.6288229166666667 0.06939062499999998 0.04122916666666665
64 0.7852812499999999 0.6426354166666668 0.05146874999999984 0.058812500000000045
66 0.5597109375 0.6568333333333334 0.312421875 0.13254166666666667
67 0.6231328125 0.49728125 0.033203125 0.04231250000000003
67 0.678578125 0.49882291666666667 0.03515625 0.045062500000000005
74 0.34557812500000007 0.5660208333333333 0.06228125000000001 0.062291666666666634
74 0.557578125 0.27996875 0.07900000000000007 0.11618750000000005
62 0.5531796875 0.306375 0.240515625 0.27425
63 0.5406875 0.5653229166666667 0.23775000000000007 0.08652083333333338
