14 0.5570312500000001 0.7396805555555555 0.027406249999999965 0.09791666666666654
2 0.2231875 0.513625 0.446375 0.9505277777777779
2 0.34192968749999997 0.43595833333333334 0.302109375 0.7730277777777779
2 0.51446875 0.3505694444444445 0.048031250000000025 0.15280555555555558
2 0.5298125 0.35179166666666667 0.039874999999999994 0.13641666666666663
0 0.8350546875 0.271625 0.07482812500000002 0.3173055555555556
0 0.7838671875 0.27775 0.05189062499999997 0.28522222222222227
0 0.9786328125000001 0.2107361111111111 0.03751562500000005 0.28875
0 0.909140625 0.24945833333333334 0.06815625000000003 0.3624722222222223
0 0.9490624999999999 0.2464027777777778 0.03309374999999992 0.2011388888888889
9 0.4556093750000001 0.10994444444444446 0.01150000000000001 0.04638888888888888
9 0.4457578125 0.10934722222222222 0.008203125000000033 0.03791666666666668
13 0.8317187500000001 0.7330972222222223 0.32306250000000003 0.5315277777777778
26 0.8578125000000001 0.2269861111111111 0.04393749999999996 0.13747222222222222
26 0.9613046875 0.5702222222222222 0.06951562500000008 0.1460555555555555
0 0.95825 0.14645833333333333 0.016687499999999966 0.0673611111111111
0 0.7602109375000001 0.2786666666666667 0.032203125 0.20827777777777778
2 0.495421875 0.543 0.027218750000000014 0.266111111111111
2 0.4945859375 0.42808333333333337 0.06892187500000002 0.23844444444444451
2 0.12375 0.7470555555555556 0.2475 0.5011666666666666
2 0.5422421875 0.33208333333333334 0.02842187500000004 0.11027777777777781
9 0.7303124999999999 0.18015277777777777 0.007468750000000024 0.027749999999999997
0 0.7303593749999999 0.2654444444444445 0.027249999999999996 0.10622222222222227
9 0.47949218750000006 0.19890277777777776 0.008296874999999981 0.011138888888888893
0 0.8629609375 0.6011250000000001 0.27017187500000006 0.3858055555555556
