0 0.22075781249999998 0.6982916666666665 0.06173437499999998 0.07020833333333332
0 0.24091406250000003 0.6607083333333333 0.032453125 0.04974999999999996
0 0.527234375 0.6464687500000001 0.017249999999999988 0.0563125000000001
0 0.9157890625 0.73025 0.0481093749999999 0.05862499999999993
0 0.9462187499999999 0.7206145833333333 0.029874999999999985 0.07514583333333336
0 0.8205 0.6467083333333332 0.014062500000000089 0.05587500000000001
0 0.8437421875 0.6442083333333333 0.014796875000000043 0.056083333333333374
35 0.893921875 0.7220104166666665 0.009343750000000095 0.01085416666666672
0 0.3572109375 0.6581041666666667 0.02285937499999996 0.055625000000000036
0 0.682359375 0.9811145833333333 0.045812500000000034 0.03777083333333331
0 0.8763984375 0.9674166666666667 0.06404687499999995 0.04270833333333335
0 0.8098515625 0.6454583333333332 0.011890624999999932 0.055499999999999994
34 0.8627734375 0.6626041666666667 0.010421875000000025 0.03179166666666666
0 0.84796875 0.7084583333333333 0.05428125000000006 0.0907916666666666
0 0.9686171875 0.92840625 0.06276562499999994 0.14318750000000002
0 0.5 0.728125 0.996875 0.5395833333333333
