18 0.152671875 0.7198711943793912 0.10159375 0.2334660421545668
18 0.33480468750000003 0.6990046838407493 0.06551562500000002 0.07538641686182668
18 0.46971874999999996 0.6625644028103045 0.037906249999999975 0.06236533957845425
18 0.603078125 0.6017330210772833 0.04400000000000004 0.10355971896955507
18 0.726984375 0.6627049180327869 0.20606250000000004 0.22030444964871188
18 0.9005624999999999 0.6053629976580797 0.10881249999999998 0.22103044496487123
18 0.03290625 0.7750468384074941 0.0658125 0.08461358313817335
18 0.5000078124999999 0.6305503512880561 0.07023437500000002 0.1563700234192037
18 0.937453125 0.546311475409836 0.1250937499999999 0.18878220140515217
18 0.5318984375 0.6552810304449648 0.023421875000000036 0.04409836065573758
