45 0.5 0.5 1.0 1.0
50 0.255609375 0.5004694835680751 0.357875 0.7506103286384976
50 0.46507031249999997 0.8277699530516431 0.11064062499999999 0.3116901408450704
50 0.5463359375000001 0.312981220657277 0.141765625 0.23117370892018776
50 0.4451875 0.5831220657276995 0.17115625 0.15323943661971828
50 0.9004999999999999 0.75 0.09534374999999995 0.08591549295774659
50 0.6585234375 0.8775469483568075 0.289296875 0.24490610328638496
50 0.7109062500000001 0.2962206572769953 0.13065625000000003 0.23366197183098592
50 0.5696249999999999 0.6561619718309859 0.07768749999999991 0.10565727699530514
50 0.3836015625 0.6814553990610328 0.23164062500000004 0.17178403755868532
