58 0.8291503267973857 0.18612745098039216 0.12267973856209158 0.18401960784313726
58 0.6856290849673203 0.2436356209150327 0.1205718954248366 0.16397058823529412
58 0.7995669934640522 0.1531781045751634 0.06805555555555554 0.2504738562091503
56 0.1537581699346405 0.9139787581699348 0.2430065359477124 0.11612745098039223
56 0.8066339869281045 0.9533496732026144 0.3272549019607842 0.04862745098039212
56 0.4297385620915033 0.4346895424836601 0.1693790849673203 0.07506535947712417
60 0.508218954248366 0.712671568627451 0.626764705882353 0.5211274509803923
0 0.8340441176470588 0.6896568627450981 0.27155228758169936 0.5582026143790849
0 0.7503513071895425 0.4834803921568627 0.21998366013071902 0.24238562091503268
0 0.4264460784313726 0.3926307189542484 0.13714052287581707 0.1558169934640523
0 0.2585375816993464 0.39307189542483656 0.13596405228758165 0.17215686274509806
0 0.18861111111111112 0.5877614379084968 0.33705882352941174 0.5022222222222222
44 0.7754003267973857 0.5976062091503268 0.029656862745098045 0.038088235294117645
44 0.7700980392156862 0.5934313725490196 0.01807189542483656 0.03297385620915039
44 0.27401143790849675 0.607549019607843 0.06498366013071899 0.032418300653594634
44 0.6425000000000001 0.7664542483660131 0.06277777777777771 0.061601307189542376
44 0.43297385620915035 0.4220098039215686 0.02267973856209149 0.009934640522875848
41 0.6495915032679738 0.6848611111111111 0.05104575163398695 0.08743464052287575
41 0.3408823529411764 0.6117156862745099 0.041307189542483636 0.07068627450980391
41 0.3693218954248366 0.4726633986928104 0.0318464052287582 0.04843137254901958
41 0.31825163398692813 0.4986274509803922 0.0273202614379085 0.04156862745098039
41 0.7095179738562092 0.6317401960784312 0.05393790849673197 0.10857843137254897
42 0.4704656862745098 0.4504983660130719 0.032303921568627436 0.014035947712418229
43 0.7672875816993464 0.5963643790849673 0.024248366013071898 0.040996732026143734
44 0.6503022875816993 0.5346813725490196 0.03825163398692821 0.03151960784313723
0 0.6610702614379085 0.4135294117647059 0.16233660130718963 0.23607843137254908
41 0.40904411764705884 0.6645016339869281 0.052009803921568676 0.08593137254901972
45 0.6856372549019608 0.549281045751634 0.08741830065359468 0.03450980392156866
45 0.5131372549019607 0.49107843137254903 0.0537581699346405 0.04320261437908496
45 0.2564705882352941 0.5681862745098039 0.047941176470588265 0.04486928104575161
45 0.5621160130718954 0.4809967320261438 0.0630228758169934 0.027320261437908555
45 0.4432679738562092 0.45956699346405233 0.0732679738562092 0.024003267973856213
45 0.7706045751633988 0.6143055555555555 0.07980392156862737 0.04550653594771248
45 0.2884640522875817 0.520220588235294 0.02473856209150327 0.012369281045751634
45 0.49201797385620916 0.46272058823529416 0.041846405228758154 0.024395424836601287
45 0.3216830065359477 0.5134477124183007 0.08434640522875814 0.04140522875816993
53 0.6602777777777777 0.5775081699346406 0.06813725490196076 0.028447712418300686
56 0.8481372549019608 0.4601307189542484 0.06732026143790848 0.07552287581699352
42 0.4276715686274509 0.4222058823529412 0.013611111111111074 0.007614379084967371
48 0.2545833333333333 0.4406209150326797 0.03485294117647059 0.0590196078431372
48 0.27272875816993464 0.6622303921568627 0.06686274509803924 0.053611111111111054
