0 0.4150586854460094 0.5 0.8301173708920188 1.0
38 0.3463615023474178 0.20825 0.5781220657276995 0.20431249999999998
13 0.5 0.7910078125 1.0 0.14382812499999986
56 0.6364553990610329 0.58478125 0.2479342723004695 0.0743125
56 0.7137089201877933 0.610625 0.22769953051643188 0.22446874999999994
56 0.6195070422535212 0.467421875 0.2464319248826291 0.04943749999999997
56 0.7950586854460093 0.3606796875 0.2329342723004696 0.038203125000000004
56 0.9030399061032864 0.3405390625 0.19265258215962433 0.059171874999999985
56 0.7141197183098591 0.4250390625 0.23462441314553983 0.057421874999999956
56 0.6990962441314554 0.334546875 0.21232394366197194 0.04646875000000006
56 0.5900000000000001 0.3746875 0.163755868544601 0.039156250000000004
56 0.865950704225352 0.5280859375 0.24645539906103286 0.15729687500000006
56 0.10288732394366197 0.3666328125 0.1536150234741784 0.043828124999999996
56 0.9108098591549296 0.4359296875 0.16326291079812205 0.07351562499999997
56 0.48387323943661975 0.6844140624999999 0.12488262910798126 0.07014062499999996
0 0.06309859154929577 0.6792265625 0.11971830985915494 0.08985937499999996
56 0.520774647887324 0.5472265624999999 0.2058215962441315 0.1022031249999999
56 0.5316901408450705 0.45703125 0.8802816901408451 0.37031250000000004
