54 0.6586284722222222 0.5041283292978209 0.22486111111111107 0.26012106537530266
54 0.8840711805555556 0.5209685230024214 0.23185763888888888 0.2738983050847459
54 0.4209114583333333 0.45943099273607746 0.2102951388888889 0.261912832929782
54 0.5859895833333333 0.28108958837772396 0.14361111111111102 0.17152542372881352
54 0.7447395833333335 0.29210653753026633 0.1566319444444445 0.16319612590799035
54 0.7683333333333333 0.18760290556900727 0.1297569444444444 0.1085714285714286
54 0.6409982638888889 0.18332929782082324 0.13206597222222216 0.13295399515738496
54 0.51515625 0.5604963680387409 0.9269444444444443 0.7483535108958836
54 0.07755208333333333 0.2793341404358354 0.15270833333333333 0.16999999999999998
54 0.3374565972222222 0.16200968523002424 0.15692708333333333 0.1250363196125908
54 0.22046875000000002 0.11226392251815982 0.11614583333333334 0.10970944309927363
54 0.3994791666666667 0.10520581113801453 0.12104166666666671 0.0857142857142857
54 0.5365364583333334 0.7535714285714286 0.2536284722222223 0.3513559322033898
