2 0.5261406249999999 0.8086354166666666 0.022312499999999957 0.021937499999999943
2 0.485 0.8118854166666667 0.0219375 0.02331250000000007
9 0.947265625 0.6489270833333334 0.02187500000000009 0.06547916666666664
9 0.0299765625 0.6341979166666667 0.019609375000000005 0.048270833333333374
0 0.0931171875 0.9303645833333334 0.107828125 0.13927083333333334
0 0.104875 0.8275625 0.04584375 0.09141666666666659
0 0.7700234375 0.82721875 0.02642187500000004 0.09585416666666657
0 0.8238281249999999 0.8476874999999999 0.02312499999999995 0.08962499999999995
0 0.061953125 0.8413541666666666 0.03484375 0.10841666666666672
0 0.259140625 0.82153125 0.022843749999999996 0.07127083333333328
26 0.0798828125 0.9663333333333333 0.010203125000000007 0.06691666666666674
0 0.511671875 0.8320833333333333 0.028562500000000046 0.07499999999999996
26 0.1612578125 0.8291354166666667 0.011328124999999994 0.03502083333333339
26 0.1267578125 0.8308854166666666 0.019453125000000016 0.024520833333333214
0 0.020953125 0.8478541666666667 0.0395 0.12020833333333325
0 0.3946796875 0.8436979166666667 0.03117187499999996 0.10714583333333338
0 0.188265625 0.8420937500000001 0.03140624999999997 0.11131250000000004
0 0.1726875 0.8292916666666668 0.017937500000000023 0.09016666666666673
0 0.9375 0.8703333333333333 0.044749999999999956 0.16408333333333336
0 0.28924218749999997 0.8321666666666666 0.01926562500000001 0.07699999999999996
0 0.49765625 0.8427083333333334 0.9921875 0.17291666666666672
