62 0.466625 0.5793779342723004 0.8646250000000001 0.7876291079812205
8 0.6347734375 0.6339788732394367 0.19076562499999994 0.05870892018779339
0 0.6093593749999999 0.5973708920187794 0.052874999999999894 0.09309859154929567
0 0.73353125 0.5256690140845071 0.04481250000000003 0.0602582159624413
0 0.7187109375 0.4906220657276995 0.025390625 0.03476525821596249
0 0.48132031250000007 0.48318075117370896 0.022453125000000018 0.07946009389671366
0 0.7476640625 0.49052816901408447 0.07154687500000001 0.05575117370892019
0 0.441765625 0.47082159624413145 0.02415624999999999 0.06441314553990612
0 0.4239453125 0.45396713615023476 0.016078125 0.05408450704225348
0 0.5286718749999999 0.4727582159624413 0.03703124999999996 0.12096244131455397
0 0.7138515625000001 0.5196244131455399 0.01626562500000006 0.027793427230046963
8 0.8501875 0.4725704225352112 0.08746874999999998 0.09091549295774642
0 0.5001875 0.39631455399061033 0.03190624999999997 0.1105164319248827
8 0.7648671875000002 0.5163262910798122 0.20907812500000011 0.04406103286384977
8 0.5066640625000001 0.5098591549295775 0.05064062500000005 0.06046948356807508
0 0.6757109375 0.47598591549295777 0.02435937499999996 0.05530516431924881
0 0.7611796875 0.4508450704225352 0.030546874999999973 0.06046948356807508
0 0.3461015625 0.41670187793427227 0.022546875000000022 0.05082159624413146
