58 0.37792187499999996 0.34882291666666665 0.14984375 0.2524791666666667
57 0.89078125 0.4619479166666667 0.17874999999999996 0.15681250000000002
60 0.1722109375 0.7862708333333333 0.337984375 0.4274583333333334
60 0.38004687500000006 0.5490312500000001 0.45562500000000006 0.3080208333333334
45 0.4716953125 0.48206250000000006 0.04204687500000004 0.031374999999999986
45 0.521484375 0.5045833333333333 0.04249999999999998 0.026958333333333362
45 0.426546875 0.5138229166666667 0.03487499999999999 0.02956249999999999
75 0.37800781250000004 0.43303125 0.03201562500000005 0.08231250000000001
56 0.1011484375 0.53009375 0.09617187499999998 0.11856249999999996
56 0.59696875 0.62578125 0.11434374999999997 0.3609791666666666
56 0.48873437500000005 0.4539687499999999 0.08106250000000004 0.07897916666666666
56 0.28403125 0.7142708333333333 0.12968749999999998 0.46808333333333335
56 0.1775703125 0.5043541666666667 0.06970312499999998 0.18133333333333335
56 0.402890625 0.6467604166666667 0.17203124999999997 0.36768750000000006
57 0.36096875 0.4303958333333333 0.22531250000000003 0.13058333333333333
56 0.3889140625 0.4508125 0.072171875 0.08875
56 0.2344140625 0.5306770833333334 0.08032812500000003 0.1499375000000001
45 0.5480546874999999 0.45367708333333334 0.042515624999999946 0.020854166666666674
