60 0.708703125 0.6275934579439253 0.16837499999999994 0.21037383177570101
60 0.44835156249999997 0.681144859813084 0.18417187500000004 0.2708878504672897
0 0.5815859375000001 0.6035163551401869 0.126234375 0.48315420560747663
45 0.41509375000000004 0.586822429906542 0.04418749999999999 0.037056074766355085
45 0.811609375 0.5381892523364487 0.031156249999999996 0.02044392523364491
45 0.4726484375000001 0.5942757009345795 0.027015625000000043 0.026588785046729013
45 0.77940625 0.5364602803738318 0.02618750000000003 0.025864485981308416
45 0.8547578124999999 0.5416939252336449 0.03245312499999997 0.021658878504672963
45 0.4946796874999999 0.5748831775700936 0.03617187499999991 0.0300467289719627
45 0.5243437499999999 0.5781308411214954 0.03243750000000001 0.03616822429906541
45 0.6499375000000001 0.5096845794392524 0.015531249999999996 0.026565420560747732
45 0.6306484374999999 0.5126051401869159 0.01885937500000001 0.01983644859813083
45 0.967296875 0.5533878504672898 0.03890625000000003 0.03028037383177573
60 0.065375 0.7022663551401869 0.12515625 0.2679906542056075
24 0.584171875 0.5923014018691588 0.08471874999999995 0.12380841121495323
45 0.908046875 0.5377336448598131 0.047406250000000094 0.04285046728971953
45 0.8227265625 0.4972429906542056 0.030328124999999928 0.02163551401869157
75 0.753171875 0.5053971962616822 0.02693750000000006 0.045981308411215005
45 0.8113203124999999 0.514894859813084 0.028015624999999877 0.010443925233644902
71 0.145328125 0.9188084112149533 0.28809375 0.16238317757009346
45 0.5 0.5619158878504673 0.996875 0.3574766355140187
