0 0.17889843749999998 0.6491979166666667 0.338671875 0.6763124999999999
0 0.4103125 0.6973020833333334 0.20515625000000004 0.5784791666666668
0 0.5078984375 0.7364583333333333 0.284421875 0.5033750000000001
0 0.029406250000000002 0.5841458333333334 0.032812499999999994 0.11666666666666659
46 0.6958203125 0.36972916666666666 0.047734374999999996 0.06745833333333329
46 0.8227500000000001 0.2880104166666667 0.07503125 0.09293750000000006
46 0.8584921875 0.3528958333333334 0.05370312499999996 0.08370833333333333
46 0.5210937499999999 0.3989479166666666 0.02503124999999995 0.03785416666666663
46 0.7832343749999999 0.34411458333333333 0.07462500000000005 0.10318749999999999
47 0.7602656250000001 0.19861458333333332 0.043031250000000076 0.046312500000000006
47 0.785328125 0.18085416666666665 0.023781250000000087 0.035
47 0.798640625 0.16653125 0.022906250000000017 0.031604166666666655
47 0.8051328124999999 0.17252083333333335 0.019078124999999946 0.0397916666666667
47 0.7307890625 0.12252083333333333 0.02595312500000002 0.03374999999999999
47 0.719390625 0.14820833333333333 0.015093750000000017 0.02266666666666667
47 0.7498984375 0.4589479166666667 0.021515625000000038 0.02985416666666668
47 0.7918828124999999 0.45846875000000004 0.08276562499999995 0.0639791666666667
47 0.6683359375 0.8544166666666666 0.12820312499999997 0.12229166666666669
47 0.7200703125 0.7064895833333333 0.018234375000000025 0.02360416666666665
49 0.9219296875 0.2876875 0.07292187500000002 0.10008333333333333
24 0.2094609375 0.7376041666666667 0.27026562499999995 0.5022500000000001
24 0.4710703125 0.7176041666666667 0.20729687499999994 0.33033333333333337
46 0.6494609375 0.3703854166666667 0.047171875000000085 0.055562500000000015
46 0.589328125 0.4643541666666666 0.046531250000000024 0.07579166666666665
47 0.7926171874999999 0.6356250000000001 0.01842187499999992 0.028333333333333433
47 0.7785234375000001 0.6205416666666668 0.016671875000000003 0.027874999999999983
0 0.913890625 0.6543229166666666 0.1722187500000001 0.6617291666666667
24 0.35357812499999997 0.6093333333333333 0.08478124999999997 0.10187499999999994
46 0.5110234375 0.3991458333333333 0.05264062500000005 0.0677916666666667
47 0.7818203125000001 0.6568854166666667 0.024421874999999926 0.048395833333333416
47 0.83515625 0.58125 0.2671875 0.6958333333333333
