0 0.8606781045751635 0.1808986928104575 0.2606699346405229 0.29888888888888887
0 0.6430555555555556 0.16941993464052288 0.2735294117647058 0.32344771241830067
40 0.6914624183006537 0.8390604575163398 0.15129084967320272 0.310016339869281
45 0.8470261437908497 0.8491911764705882 0.25901960784313716 0.15779411764705886
45 0.5878921568627451 0.49831699346405234 0.13816993464052296 0.12496732026143792
40 0.16117647058823528 0.5207843137254902 0.29882352941176465 0.27529411764705886
40 0.33372549019607844 0.4861764705882352 0.23186274509803922 0.3067973856209149
40 0.806266339869281 0.7190114379084968 0.07792483660130722 0.09740196078431373
43 0.4190277777777778 0.48953431372549017 0.0856045751633987 0.01625816993464052
60 0.29437908496732024 0.5364052287581699 0.4 0.25617647058823523
0 0.25194444444444447 0.30066176470588235 0.08133986928104575 0.05439542483660126
40 0.6057026143790849 0.36665032679738563 0.1029411764705882 0.05816993464052289
40 0.4722794117647059 0.29284313725490196 0.0358006535947713 0.04251633986928105
60 0.7519689542483659 0.8479166666666667 0.48325163398692805 0.28446078431372557
60 0.5012990196078432 0.542859477124183 0.9974019607843138 0.4207843137254902
