39 0.23525000000000001 0.75428125 0.07628125 0.24210416666666668
39 0.3447734375 0.8934895833333334 0.07482812500000002 0.21302083333333333
72 0.4929765625 0.5123645833333333 0.985953125 0.9528125000000001
39 0.128453125 0.9220937499999999 0.09096874999999999 0.15322916666666664
45 0.6843125 0.6014062499999999 0.1595312499999999 0.15768749999999987
47 0.5039765625 0.6476666666666666 0.06610937499999997 0.08187500000000003
45 0.49694531249999996 0.21672916666666667 0.12973437499999996 0.102875
45 0.50059375 0.13839583333333333 0.1419687500000001 0.08466666666666667
45 0.37749999999999995 0.36546875 0.13565624999999998 0.1630625
47 0.662421875 0.8624791666666667 0.04209375000000004 0.0515000000000001
47 0.7007578125 0.8505 0.04132812500000005 0.060541666666666605
47 0.4659453125 0.8190208333333333 0.050203125000000015 0.06791666666666674
47 0.40700781249999995 0.7985625000000001 0.05451562500000001 0.06675000000000009
47 0.40612499999999996 0.8472291666666667 0.0390625 0.04833333333333323
47 0.54203125 0.86021875 0.04799999999999993 0.04702083333333329
39 0.29237499999999994 0.5946145833333334 0.08471875000000001 0.1497291666666668
39 0.27457031249999997 0.6570208333333334 0.084390625 0.17041666666666666
39 0.25400781250000004 0.7120208333333333 0.07298437500000002 0.17737499999999995
39 0.17453125000000003 0.8768020833333334 0.09112500000000001 0.24639583333333326
