49 0.2884647651006712 0.4234296875 0.051694630872483216 0.05126562499999998
49 0.6192785234899328 0.25533593750000005 0.06798657718120804 0.062859375
49 0.5846224832214766 0.09459375 0.07632550335570476 0.07818750000000001
49 0.7317197986577182 0.036164062500000003 0.06840604026845631 0.06845312500000002
49 0.7024077181208054 0.256625 0.06065436241610733 0.06587500000000002
49 0.8307298657718121 0.20971093749999997 0.06367449664429536 0.04348437499999999
49 0.07019295302013423 0.5102734375 0.05370805369127517 0.043171875000000026
49 0.419253355704698 0.451578125 0.055486577181208085 0.048093749999999935
49 0.795998322147651 0.0165 0.06401006711409385 0.03278125
49 0.26046979865771813 0.0859296875 0.03197986577181208 0.034859375
49 0.09177852348993289 0.38471875 0.07446308724832215 0.045062500000000005
49 0.23722315436241614 0.39308593750000004 0.03464765100671144 0.03032812500000004
49 0.37560402684563754 0.4297578125 0.05758389261744962 0.04798437499999997
49 0.4446308724832215 0.45781249999999996 0.889261744966443 0.625
