36 0.3620725995316159 0.5903203125 0.12892271662763466 0.13454687499999995
36 0.8125175644028103 0.6988125000000001 0.08611241217798593 0.018343749999999992
0 0.45017564402810306 0.4233203125 0.5362763466042155 0.4435156250000001
0 0.8363934426229508 0.655265625 0.0971428571428572 0.09275
0 0.7742622950819672 0.6292109375000001 0.040515222482435664 0.06670312499999997
0 0.7310772833723653 0.6398671875 0.05330210772833721 0.10789062500000002
0 0.6708313817330211 0.6373046875 0.059836065573770525 0.10492187500000005
0 0.92692037470726 0.6443828125 0.051873536299765766 0.08795312499999997
0 0.1316393442622951 0.5774453125000001 0.04800936768149884 0.071171875
0 0.16296252927400467 0.5731953125 0.043208430913348944 0.08332812499999998
0 0.2044847775175644 0.589703125 0.05351288056206091 0.07390625000000006
0 0.8785128805620609 0.6564375 0.051217798594847874 0.10484375000000001
0 0.626990632318501 0.635953125 0.04161592505854794 0.09762500000000007
0 0.9102693208430914 0.6480546875 0.028641686182669823 0.07676562500000006
36 0.6427400468384075 0.6607890625 0.02641686182669778 0.04870312500000007
0 0.018981264637002344 0.5655078125 0.030187353629976585 0.061484375000000036
0 0.5304449648711944 0.640625 0.9344262295081968 0.1937500000000001
