39 0.6227031249999999 0.9107395833333334 0.09728124999999999 0.17810416666666673
39 0.59671875 0.34367708333333336 0.01693749999999994 0.05485416666666665
0 0.19127343749999998 0.60871875 0.379203125 0.7069375
0 0.6241328125000001 0.23881250000000004 0.05226562499999998 0.1639166666666667
0 0.7190546875000001 0.40266666666666673 0.128046875 0.1547083333333334
43 0.7044921875000001 0.5923541666666667 0.06860937499999997 0.05441666666666667
43 0.44410937500000003 0.5299166666666667 0.08190625000000001 0.02341666666666664
45 0.423234375 0.9260416666666667 0.10778125000000005 0.11816666666666675
45 0.2682578125 0.9765937499999999 0.10648437499999999 0.045812500000000034
0 0.687671875 0.13905208333333333 0.024968749999999984 0.05014583333333332
43 0.2771796875 0.7490729166666668 0.11639062499999997 0.03389583333333335
24 0.8962421875000001 0.3696666666666667 0.206984375 0.21108333333333335
39 0.626671875 0.34419791666666666 0.013000000000000012 0.05589583333333331
39 0.575421875 0.3509479166666667 0.008031249999999934 0.027979166666666666
43 0.6232656249999999 0.4522395833333333 0.013218749999999946 0.04947916666666663
43 0.63090625 0.45159375 0.04893750000000008 0.019729166666666687
0 0.8181875000000001 0.56415625 0.3584375000000001 0.8389791666666666
0 0.33894531249999993 0.48597916666666674 0.17729687499999996 0.42316666666666675
