0 0.8835078125 0.736489841986456 0.23298437500000002 0.5135214446952596
0 0.1784375 0.8591083521444696 0.10815625 0.28178329571106087
26 0.7408671874999999 0.6573024830699774 0.015359374999999953 0.05306997742663655
28 0.434625 0.859920993227991 0.03859374999999998 0.08214446952595933
28 0.3957890625 0.8704966139954853 0.03832812499999999 0.08257336343115118
0 0.787578125 0.643589164785553 0.023062499999999986 0.06848758465011284
0 0.7090078125 0.6820428893905193 0.033140624999999924 0.10733634311512408
24 0.8434062499999999 0.8367042889390519 0.15278124999999998 0.30180586907449203
28 0.36989843750000007 0.8735214446952596 0.028984375000000007 0.09160270880361177
0 0.9422890625 0.60558690744921 0.04589062499999996 0.07126410835214447
0 0.13078125000000002 0.8161399548532731 0.01725 0.045914221218961604
0 0.09480468750000001 0.8241647855530474 0.06195312500000001 0.17094808126410832
0 0.642515625 0.6789954853273137 0.027593750000000083 0.08169300225733644
0 0.8100078125000001 0.6407900677200903 0.021078124999999948 0.06740406320541759
0 0.7280390625 0.6464446952595937 0.009515624999999917 0.05857787810383741
0 0.7513125 0.6718961625282167 0.04371875000000003 0.13051918735891643
