39 0.422265625 0.3807515657620042 0.06228125000000001 0.1997494780793319
39 0.72140625 0.3876931106471817 0.09462499999999996 0.23025052192066814
53 0.8089609375 0.5430480167014613 0.18448437500000003 0.11933194154488513
53 0.4552890625 0.5390918580375783 0.11717187499999998 0.13367432150313152
53 0.6937734375 0.5405636743215031 0.15304687499999992 0.11461377870563672
53 0.56259375 0.5258455114822548 0.13287500000000002 0.13482254697286017
53 0.22371875000000002 0.553204592901879 0.1400625 0.1175574112734864
53 0.905140625 0.5292797494780793 0.15168749999999998 0.12903966597077243
53 0.1007578125 0.5484759916492693 0.140140625 0.12158663883089771
53 0.33864062500000003 0.5458768267223382 0.11890624999999999 0.12231732776617948
