2 0.07270312500000001 0.7240393013100437 0.097125 0.09921397379912655
0 0.586828125 0.8142139737991266 0.0516875 0.1753275109170307
0 0.645984375 0.800174672489083 0.049875000000000114 0.17746724890829702
0 0.7246015625 0.8210262008733624 0.06923437499999996 0.2729694323144104
1 0.8700078124999999 0.8853930131004368 0.10935937499999993 0.15729257641921401
11 0.7856484374999999 0.5343122270742358 0.05545312499999999 0.08844978165938866
24 0.5826562499999999 0.7855349344978166 0.029124999999999956 0.06386462882096067
24 0.6593984375 0.7673580786026201 0.024734374999999975 0.06711790393013106
24 0.7414140625000001 0.7889847161572052 0.05126562499999998 0.05805676855895192
0 0.9774453125 0.8827729257641921 0.04510937500000001 0.12794759825327506
0 0.8661171875 0.8931550218340611 0.02973437499999998 0.09997816593886466
0 0.8439453125 0.7853930131004367 0.026640624999999862 0.07410480349344983
0 0.7576875000000001 0.8230131004366812 0.015406249999999955 0.12659388646288217
1 0.8357343750000001 0.8204912663755458 0.029031250000000064 0.08198689956331884
1 0.7783515624999999 0.7545087336244541 0.03117187499999996 0.04582969432314421
1 0.5851171875000001 0.7639956331877729 0.07004687499999995 0.0762008733624453
2 0.1918828125 0.7237008733624455 0.10495312499999998 0.09163755458515288
0 0.895125 0.8198799126637555 0.023687499999999972 0.04622270742358081
0 0.806625 0.7213100436681222 0.009343749999999984 0.016200873362445467
1 0.9090156249999999 0.809443231441048 0.022625000000000006 0.06954148471615718
1 0.9550156249999999 0.7436135371179038 0.036843750000000064 0.04251091703056764
