6 0.5 0.49886792452830186 1.0 0.9932547169811321
56 0.2161328125 0.47483490566037734 0.03532812499999999 0.057971698113207626
56 0.34962499999999996 0.4694575471698113 0.034562499999999996 0.059056603773584904
56 0.41230468749999993 0.4776886792452831 0.03151562499999999 0.04212264150943401
56 0.1330546875 0.4774410377358491 0.03051562500000002 0.05011792452830194
56 0.047999999999999994 0.48003537735849056 0.030031249999999995 0.05115566037735847
56 0.250546875 0.4699292452830189 0.04349999999999998 0.06207547169811323
56 0.43610937499999997 0.468938679245283 0.014531249999999996 0.05462264150943391
56 0.10765625000000001 0.47976415094339625 0.022718749999999996 0.04533018867924532
56 0.026953125 0.4827358490566037 0.01628125 0.04499999999999993
56 0.383671875 0.4733726415094339 0.038406249999999975 0.05198113207547167
