58 0.20199218750000003 0.7006145833333334 0.20726562500000004 0.5737708333333333
39 0.4008828125 0.7094166666666667 0.02092187499999998 0.12620833333333326
39 0.32908593750000004 0.5241354166666667 0.03007812500000001 0.11510416666666667
39 0.35182812499999994 0.53771875 0.014749999999999985 0.08622916666666663
61 0.62415625 0.6187916666666666 0.11409374999999988 0.2617499999999999
71 0.085515625 0.81475 0.17018750000000002 0.16825
75 0.5421562499999999 0.32118749999999996 0.025687499999999974 0.07749999999999996
39 0.6439843749999999 0.46847916666666667 0.016406249999999956 0.066
41 0.4531484375 0.5593958333333333 0.021515624999999983 0.04487500000000011
39 0.3168671875 0.5654479166666666 0.019109374999999984 0.05685416666666676
39 0.36677343749999997 0.7080520833333334 0.022671875000000008 0.12843749999999998
