39 0.44718749999999996 0.7074479166666666 0.043375 0.18806250000000002
56 0.8336171875 0.5090104166666667 0.09967187499999997 0.20493750000000005
56 0.21709375 0.8223333333333334 0.40803125 0.3553333333333334
56 0.9154453124999999 0.7567083333333333 0.169109375 0.4517499999999999
56 0.6685546875000001 0.9468333333333332 0.35632812500000016 0.07012499999999988
0 0.21776562500000002 0.5720104166666666 0.375 0.7713125
0 0.7769062499999999 0.27904166666666663 0.21187499999999992 0.34304166666666663
0 0.394375 0.21692708333333333 0.09446874999999999 0.2116875
0 0.2677734375 0.35161458333333334 0.16523437500000002 0.4274375
69 0.6221953124999999 0.16964583333333336 0.11460937500000001 0.19037500000000002
71 0.1376796875 0.15004166666666668 0.076296875 0.022499999999999992
41 0.46050781250000006 0.5883958333333333 0.03707812500000002 0.03987499999999988
0 0.3364453125 0.3394270833333334 0.15757812499999996 0.35627083333333337
56 0.6625468750000001 0.25228125 0.026156249999999992 0.0727291666666667
60 0.60471875 0.5458125 0.7905625000000001 0.7382500000000001
44 0.44460156249999994 0.5005833333333334 0.04907812500000003 0.023083333333333345
45 0.5717421875 0.5461041666666667 0.132578125 0.10666666666666674
45 0.5381328125 0.38254166666666667 0.10601562500000006 0.06437500000000002
45 0.5446171875 0.28074999999999994 0.06385937500000005 0.03987499999999994
50 0.5759453125 0.64059375 0.024015625000000096 0.023770833333333297
50 0.619515625 0.6389166666666666 0.03949999999999987 0.028541666666666576
50 0.7278828125000001 0.5276354166666667 0.01626562500000006 0.013104166666666694
50 0.6350624999999999 0.4283958333333333 0.03996875 0.028749999999999998
51 0.7245468749999999 0.5326458333333333 0.01937500000000003 0.014666666666666717
68 0.62315625 0.0111875 0.10234374999999996 0.022375
68 0.714671875 0.10768749999999999 0.06546874999999996 0.04704166666666665
69 0.7149609375000001 0.10861458333333333 0.06573437500000001 0.04618750000000002
