2 0.342890625 0.34047073791348603 0.17234375000000002 0.09860050890585242
2 0.5485703125000001 0.13722646310432568 0.0661718750000001 0.027735368956742987
8 0.16628125000000002 0.6876463104325699 0.32703125000000005 0.3191094147582697
8 0.894953125 0.6176590330788805 0.21009374999999997 0.344529262086514
8 0.5611953125 0.2919211195928753 0.28567187500000013 0.21519083969465647
0 0.4588203125 0.7775318066157761 0.07314062500000001 0.3685496183206106
0 0.36133593750000004 0.8427989821882951 0.06379687500000003 0.2149109414758269
0 0.3168984375 0.8353689567430026 0.06057812500000004 0.1548600508905853
0 0.2435625 0.8306870229007635 0.07518750000000002 0.2183206106870229
8 0.443640625 0.4067430025445293 0.29115625 0.3909923664122138
8 0.1715859375 0.5134351145038167 0.177796875 0.07547073791348596
8 0.0464296875 0.38563613231552163 0.092859375 0.1368193384223918
8 0.3485234374999999 0.2879643765903308 0.18901562499999996 0.08849872773536896
2 0.8348359375000001 0.27044529262086514 0.07485937500000006 0.03590330788804075
8 0.18265625 0.4506997455470738 0.21440624999999996 0.07839694656488555
