39 0.227328125 0.5776778242677825 0.04749999999999999 0.30468619246861917
39 0.3186328125 0.6179602510460251 0.044796875000000014 0.22981171548117152
39 0.2602421875 0.6366004184100419 0.04789062499999999 0.24010460251046029
0 0.1472265625 0.4777824267782427 0.14560937499999999 0.43502092050209207
0 0.6117656250000001 0.4168514644351464 0.24000000000000005 0.4651673640167364
0 0.7863125 0.4359623430962343 0.11581249999999987 0.314602510460251
40 0.28990625 0.6920815899581589 0.06874999999999998 0.22487447698744767
41 0.359859375 0.6880125523012552 0.06378124999999996 0.1466108786610879
41 0.27846875 0.33734309623430964 0.027124999999999955 0.04456066945606696
41 0.24528906250000002 0.3364016736401674 0.03504687499999998 0.04267782426778244
39 0.0658984375 0.5623535564853556 0.065015625 0.2823640167364016
41 0.24508593749999996 0.3038179916317991 0.03282812499999996 0.02562761506276151
41 0.3564609375 0.32640167364016737 0.027765625000000016 0.06652719665271972
0 0.44549218749999997 0.45058577405857736 0.1458593749999999 0.4635146443514644
41 0.314984375 0.33519874476987443 0.036687499999999984 0.04341004184100422
41 0.2754765625 0.30452928870292884 0.03104687500000003 0.026631799163179926
41 0.3775546875 0.3259623430962343 0.021015624999999982 0.0651046025104603
41 0.3147578125 0.3474895397489539 0.017765625000000007 0.0184100418410042
41 0.297453125 0.33498953974895396 0.018593749999999964 0.04617154811715479
45 0.5419140625000001 0.6894456066945607 0.26748437500000005 0.13709205020920512
45 0.361796875 0.018179916317991634 0.07178125000000002 0.031171548117154814
45 0.0814140625 0.31098326359832634 0.047796875 0.01874476987447704
45 0.86078125 0.6756589958158996 0.24993750000000003 0.07801255230125526
39 0.21590625 0.461652719665272 0.017249999999999988 0.07380753138075313
69 0.7272578125 0.6153242677824267 0.07567187499999994 0.12725941422594145
75 0.06499218749999999 0.08421548117154812 0.035546875 0.07968619246861926
