56 0.16433999999999999 0.8957754010695187 0.12164 0.17529411764705882
64 0.27935 0.8072058823529411 0.03333999999999998 0.016764705882352904
66 0.1517 0.8087433155080215 0.09448000000000001 0.024064171122994638
73 0.53789 0.8078609625668449 0.023539999999999894 0.186524064171123
73 0.67791 0.9181951871657754 0.056299999999999906 0.16360962566844917
73 0.78654 0.9491978609625669 0.15159999999999996 0.10133689839572191
73 0.7768 0.942687165775401 0.14280000000000004 0.11462566844919786
73 0.75757 0.852446524064171 0.12305999999999995 0.019919786096256664
77 0.5467299999999999 0.5084625668449197 0.10417999999999994 0.18002673796791435
77 0.37265000000000004 0.4911229946524064 0.09286000000000005 0.1473262032085561
77 0.7149399999999999 0.5075668449197861 0.28612000000000004 0.31433155080213904
77 0.47557 0.4593449197860963 0.15205999999999997 0.21419786096256688
77 0.49377 0.5099598930481284 0.14561999999999997 0.2322727272727273
0 0.53317 0.9608288770053476 0.06902000000000003 0.07834224598930484
0 0.07114999999999999 0.9399866310160429 0.13982 0.11868983957219248
0 0.38758000000000004 0.9422192513368983 0.2132 0.11556149732620324
73 0.88708 0.9322727272727273 0.10807999999999995 0.1354545454545455
73 0.45156 0.907139037433155 0.016240000000000032 0.06358288770053466
73 0.46421 0.7191844919786097 0.027339999999999975 0.1678342245989305
73 0.54984 0.8014839572192514 0.03079999999999994 0.18382352941176472
73 0.061579999999999996 0.7277941176470588 0.07179999999999997 0.11457219251336892
73 0.06334000000000001 0.8021791443850267 0.07204000000000002 0.09521390374331551
73 0.88643 0.7131550802139037 0.1192200000000001 0.02620320855614977
62 0.13988 0.7259759358288771 0.13212 0.1895989304812834
73 0.7933600000000001 0.8133288770053477 0.011519999999999975 0.04393048128342247
73 0.638 0.8556149732620321 0.54 0.18181818181818188
