2 0.6468046875 0.9074401913875598 0.14314062500000002 0.1345933014354066
33 0.5891640624999999 0.26794258373205737 0.11557812499999998 0.17492822966507177
33 0.4280390625 0.23717703349282296 0.14895312500000002 0.21751196172248805
33 0.3351953125 0.505023923444976 0.10935937499999998 0.13971291866028712
33 0.47635937500000003 0.5209090909090909 0.12599999999999995 0.18143540669856462
33 0.5782343750000001 0.6020813397129187 0.11162499999999997 0.24588516746411487
33 0.8235703125 0.3296172248803828 0.08198437500000011 0.20497607655502395
33 0.24583593750000002 0.6348086124401914 0.049984375000000025 0.06263157894736837
33 0.6404140625 0.13014354066985645 0.027296874999999998 0.03722488038277513
33 0.5705781249999999 0.3322727272727273 0.059968750000000015 0.11334928229665076
33 0.42056250000000006 0.5886842105263157 0.02734375 0.07220095693779893
0 0.46071093750000003 0.8685406698564593 0.02945312500000008 0.1844497607655503
0 0.4324375 0.8791387559808612 0.02387499999999998 0.1852631578947368
0 0.07920312500000001 0.8460526315789474 0.034687499999999996 0.22492822966507175
0 0.0562421875 0.7965311004784689 0.012796874999999992 0.11688995215311015
0 0.7699296874999999 0.7608133971291866 0.012671874999999999 0.08842105263157896
0 0.62928125 0.7719856459330143 0.012687499999999963 0.0826315789473685
0 0.23609375000000002 0.8180382775119617 0.012562499999999976 0.10095693779904302
0 0.03403125 0.7965789473684209 0.021343749999999998 0.1283732057416267
0 0.125125 0.7922966507177034 0.010937500000000017 0.06401913875598086
0 0.0146484375 0.7902392344497609 0.020828124999999996 0.15444976076555028
0 0.0244296875 0.7351674641148325 0.007734374999999998 0.04287081339712917
24 0.08106250000000001 0.8058612440191388 0.027781249999999993 0.0986124401913876
24 0.017953125 0.7666028708133971 0.01528125 0.06000000000000005
24 0.42595312499999993 0.84 0.012593750000000015 0.062200956937799035
33 0.5988203125 0.3844976076555024 0.0034218750000000187 0.013588516746411483
33 0.8379140625 0.4840909090909091 0.005859375 0.012488038277511937
0 0.11375781250000001 0.7792583732057417 0.01004687500000001 0.050287081339712936
0 0.0245703125 0.9110047846889953 0.028109375 0.0679425837320573
0 0.51171875 0.7511961722488039 0.9515625000000001 0.24880382775119614
33 0.11875000000000001 0.8923444976076556 0.2125 0.1578947368421052
