14 0.6864988290398126 0.742125 0.03543325526932084 0.02446875000000004
14 0.5831850117096019 0.9137500000000001 0.06131147540983606 0.02862500000000001
14 0.606463700234192 0.8900625 0.04149882903981261 0.054312499999999986
14 0.7522950819672132 0.8502812500000001 0.06646370023419201 0.0397812500000001
14 0.7035480093676816 0.847703125 0.04007025761124128 0.030781250000000093
14 0.6476580796252928 0.811296875 0.051522248243559776 0.03846874999999994
14 0.6048829039812647 0.80953125 0.028548009367681537 0.03331249999999997
14 0.4111592505854801 0.73528125 0.03332552693208429 0.030999999999999917
14 0.7347892271662764 0.7858281249999999 0.03857142857142859 0.04031249999999986
14 0.5497306791569088 0.7728046875000001 0.0544496487119438 0.030828125000000095
14 0.3838290398126464 0.57578125 0.028641686182669768 0.02068749999999997
14 0.4089227166276347 0.6339375 0.030819672131147502 0.02056250000000004
14 0.3889461358313817 0.6764765625 0.034566744730679166 0.019421875000000033
14 0.31955503512880556 0.750578125 0.02533957845433249 0.043468749999999945
14 0.3923419203747073 0.7689296875 0.03250585480093676 0.03217187499999996
14 0.7639227166276348 0.9297500000000001 0.06447306791569096 0.04946874999999995
14 0.5268149882903981 0.674703125 0.0655737704918033 0.027156249999999993
14 0.5796018735362998 0.8039609375000001 0.04374707259953159 0.04179687500000018
14 0.8760070257611241 0.9144140625000001 0.0641451990632318 0.03829687500000001
14 0.2952341920374707 0.704328125 0.05702576112412178 0.031468749999999934
14 0.32559718969555035 0.8282499999999999 0.056814988290398105 0.026687500000000086
14 0.39792740046838404 0.8633046874999999 0.04348946135831383 0.02117187499999995
14 0.5187236533957845 0.728578125 0.03594847775175647 0.030312499999999964
0 0.12263466042154567 0.5019609375 0.24526932084309133 0.996078125
0 0.10190866510538643 0.4374375 0.1321545667447307 0.15403124999999995
0 0.26494145199063235 0.3446796875 0.15269320843091339 0.30314062500000005
0 0.3902576112412178 0.29604687499999993 0.1740046838407494 0.33612499999999995
0 0.4848126463700234 0.283890625 0.12873536299765814 0.40084375000000005
0 0.52903981264637 0.277390625 0.26154566744730684 0.37034375
0 0.6258196721311475 0.47355468750000007 0.31070257611241214 0.21842187500000004
0 0.9446018735362998 0.467140625 0.11079625292740047 0.3724687499999999
0 0.790784543325527 0.3082890625 0.2604449648711943 0.18139062500000003
0 0.7421662763466041 0.22888281250000003 0.21149882903981265 0.309359375
0 0.8065573770491803 0.447359375 0.19915690866510538 0.287
2 0.27432084309133486 0.198515625 0.12662763466042157 0.09525
2 0.9289344262295083 0.19138281250000003 0.14213114754098355 0.19570312500000003
14 0.4288758782201405 0.5872187499999999 0.008946135831381707 0.00824999999999998
2 0.8514754098360655 0.18179687500000002 0.03072599531615927 0.04709375000000002
0 0.6791100702576113 0.1415546875 0.08482435597189708 0.09842187499999999
14 0.5339578454332552 0.77734375 0.8430913348946135 0.44218749999999996
