56 0.6266953125000001 0.616735459662289 0.08620312500000005 0.26641651031894936
56 0.645 0.4477298311444653 0.11825000000000008 0.1072420262664166
56 0.6988828125 0.38863039399624766 0.041359374999999976 0.046116322701688583
60 0.5110703125 0.8353846153846154 0.21470312499999988 0.1466041275797373
0 0.4229453125 0.41787054409005625 0.27076562499999995 0.7568292682926828
0 0.8076015624999999 0.5649155722326454 0.3678593749999999 0.7892307692307692
0 0.28259375 0.4277016885553471 0.15346875 0.4929268292682928
0 0.2042421875 0.29433395872420265 0.026390625 0.2179737335834897
45 0.40221093750000003 0.7513508442776735 0.20373437500000002 0.18829268292682932
45 0.7523359375 0.9337054409005628 0.37054687500000005 0.1101125703564727
46 0.39394531250000003 0.8921294559099437 0.503421875 0.193264540337711
46 0.4463984375 0.9679080675422139 0.23679687500000013 0.06418386491557215
0 0.926578125 0.29627579737335835 0.04300000000000004 0.17086303939962477
0 0.7432343749999999 0.29726078799249533 0.040156250000000004 0.14045028142589117
0 0.6965859375000001 0.30161350844277673 0.05376562499999993 0.13594746716697936
0 0.5883828125 0.2732645403377111 0.057171875000000094 0.15140712945590998
39 0.0697421875 0.8293621013133208 0.044453125 0.10881801125703572
39 0.0482734375 0.8030393996247654 0.025609375000000004 0.0996622889305816
44 0.6629140625000001 0.9000187617260789 0.03626562499999997 0.06536585365853653
44 0.8078046875 0.9290431519699813 0.1179531250000001 0.14191369606003745
48 0.52275 0.49202626641651026 0.05765625000000002 0.029418386491557147
48 0.3023359375 0.46741088180112567 0.020421874999999978 0.012908067542213908
56 0.959625 0.3894277673545966 0.05181249999999993 0.08080675422138839
56 0.9568203125 0.7362007504690431 0.08635937500000002 0.16602251407129454
63 0.5897578125 0.40439024390243905 0.09557812500000007 0.06360225140712944
0 0.3121875 0.16223264540337712 0.07037499999999997 0.10675422138836772
39 0.19765624999999998 0.7643621013133208 0.04046874999999997 0.04399624765478416
39 0.2625078125 0.7422045028142589 0.030546875 0.04482176360225143
39 0.12180468750000001 0.7863414634146342 0.03839062500000001 0.04168855534709204
39 0.16178125000000002 0.7417166979362101 0.019718750000000007 0.04242026266416521
60 0.5973671875 0.36304878048780487 0.12007812500000004 0.06583489681050653
60 0.606140625 0.47620075046904314 0.1060000000000001 0.10054409005628517
0 0.2440234375 0.2025609756097561 0.04685937500000001 0.053001876172607876
39 0.11343750000000002 0.7397936210131333 0.022500000000000006 0.04007504690431529
39 0.076625 0.7558067542213884 0.02671875 0.05033771106941842
39 0.2300625 0.7520544090056285 0.03912499999999999 0.0529643527204503
39 0.23371875 0.7229362101313321 0.024968749999999984 0.043170731707317
39 0.1959609375 0.7266885553470919 0.01929687500000002 0.03131332082551597
39 0.1598984375 0.7781144465290806 0.036203125 0.04936210131332086
39 0.13984375 0.7711069418386491 0.02459374999999997 0.060037523452157626
39 0.2796875 0.7195121951219512 0.05937500000000001 0.06191369606003749
