4 0.3993671875 0.20418750000000002 0.069953125 0.05083333333333334
5 0.4383046875 0.8219791666666666 0.33329687499999994 0.13683333333333336
5 0.17716406250000002 0.8165833333333333 0.17579687500000002 0.11824999999999997
5 0.7875546874999999 0.8426354166666665 0.4202968749999999 0.3039791666666666
0 0.43062500000000004 0.8609895833333334 0.01793750000000005 0.051145833333333335
0 0.24183593750000001 0.8536458333333332 0.034359375000000025 0.06970833333333337
0 0.580125 0.8656354166666667 0.025843749999999943 0.07822916666666668
0 0.064796875 0.8169791666666667 0.03353125000000001 0.07195833333333335
0 0.0190234375 0.8712395833333333 0.036921875 0.1334375
0 0.33701562500000004 0.9086145833333333 0.060406249999999995 0.14131249999999995
0 0.06845312499999999 0.9089166666666668 0.08487499999999999 0.13716666666666677
0 0.12639843750000002 0.8311458333333333 0.02898437499999998 0.0684999999999999
