25 0.8362812500000001 0.0661592505854801 0.14393749999999994 0.08510538641686183
25 0.5180078124999999 0.08146370023419204 0.175421875 0.07192037470725995
25 0.40625 0.11576112412177986 0.11446875000000001 0.055362997658079616
25 0.35786718749999996 0.14834894613583138 0.12617187499999993 0.08770491803278688
0 0.50984375 0.2353512880562061 0.11796875000000001 0.1411007025761124
0 0.4796015625000001 0.21708430913348947 0.104015625 0.17473067915690868
37 0.668578125 0.5903747072599531 0.15837500000000004 0.58519906323185
0 0.8034765625 0.382271662763466 0.14870312499999994 0.12791569086651056
0 0.814171875 0.24540983606557373 0.09453124999999984 0.15128805620608893
25 0.1484375 0.09791569086651056 0.06731250000000001 0.06857142857142857
0 0.33559375 0.252248243559719 0.06465625000000003 0.1333489461358314
0 0.1861328125 0.18230679156908663 0.041609375000000004 0.19060889929742386
0 0.6565546874999999 0.20656908665105386 0.035296874999999894 0.09679156908665104
0 0.8884687500000001 0.17873536299765808 0.06968750000000001 0.13896955503512884
25 0.9543828125 0.06601873536299765 0.09123437499999998 0.07962529274004684
25 0.07875 0.08948477751756441 0.12875 0.0667447306791569
0 0.39545312499999996 0.24956674473067914 0.043406250000000035 0.07477751756440285
0 0.9306484374999999 0.20771662763466042 0.12739062499999998 0.16194379391100708
0 0.9236796875 0.33669789227166275 0.15264062500000009 0.15864168618266972
0 0.9372812500000001 0.3018969555035129 0.12540625000000005 0.17948477751756445
