56 0.2419296875 0.14526932084309133 0.35464062500000004 0.2882903981264637
60 0.5045078125 0.5674121779859485 0.990984375 0.8333255269320843
41 0.3037578125 0.5905152224824355 0.174984375 0.22430913348946124
41 0.6177109375000001 0.6561709601873535 0.203890625 0.24269320843091335
42 0.0708671875 0.35121779859484775 0.141734375 0.08711943793911003
54 0.4022734375 0.7149297423887588 0.186953125 0.26686182669789227
54 0.48349999999999993 0.5387587822014052 0.15071874999999996 0.2518501170960188
40 0.821109375 0.33724824355971894 0.19937499999999997 0.6279391100702576
40 0.41895312500000004 0.25105386416861825 0.133125 0.49765807962529274
41 0.3471171875 0.24137002341920374 0.111234375 0.3439578454332553
44 0.044414062500000004 0.3586416861826698 0.08882812500000001 0.07494145199063235
