72 0.4641953125 0.420784708249497 0.30714062499999994 0.516861167002012
0 0.5647890625 0.5236418511066399 0.39435937499999996 0.37066398390342054
39 0.1498359375 0.577645875251509 0.160796875 0.18587525150905426
39 0.062015625 0.6681690140845071 0.049312499999999995 0.1792354124748491
39 0.14375 0.6778169014084506 0.02728124999999998 0.16014084507042248
39 0.1767578125 0.6835714285714285 0.04570312500000001 0.15989939637826966
60 0.5 0.7076559356136821 1.0 0.4420321931589537
39 0.254234375 0.6002313883299799 0.039968750000000025 0.10891348088531183
39 0.1073984375 0.6786519114688129 0.049671874999999976 0.16808853118712275
39 0.21795312500000003 0.698692152917505 0.0423125 0.12579476861166994
39 0.2559921875 0.7060965794768612 0.034859375000000026 0.10973843058350108
39 0.287515625 0.7062575452716298 0.03368749999999998 0.10869215291750489
