58 0.5674844074844075 0.6390546875 0.14395010395010394 0.15198437499999995
39 0.6617879417879419 0.6899296874999999 0.01779625779625782 0.054640625
39 0.6914864864864865 0.6893359375 0.02147609147609142 0.060484374999999924
39 0.32361746361746363 0.6828828124999999 0.026943866943866968 0.048734374999999996
60 0.3872869022869023 0.8564453125 0.21943866943866946 0.27142187500000015
0 0.4648856548856549 0.680015625 0.12178794178794178 0.22493750000000012
72 0.15497920997920997 0.6416875 0.2398960498960499 0.14
68 0.8985343035343035 0.5880625 0.20293139293139295 0.08262499999999995
69 0.9137941787941788 0.8268671875 0.17241164241164242 0.2045468749999999
39 0.7229002079002078 0.6867421874999999 0.022889812889812844 0.063640625
39 0.3072453222453222 0.6776484375 0.014906444906444882 0.03364062500000009
