39 0.3868645833333334 0.39165625 0.3203541666666667 0.29921875
56 0.71828125 0.6856640625 0.4903125 0.524734375
56 0.3097916666666667 0.261734375 0.08612500000000001 0.16287500000000002
60 0.23943750000000003 0.6739453124999999 0.47887500000000005 0.5047031249999999
0 0.5935416666666666 0.5259453125 0.6250833333333334 0.772046875
41 0.6015104166666667 0.30116406250000005 0.039729166666666704 0.038703125000000005
0 0.8985000000000001 0.27528125 0.20299999999999996 0.3483125
0 0.8478020833333333 0.20173437499999997 0.15581250000000002 0.162625
0 0.33939583333333334 0.179265625 0.14316666666666666 0.24384375
0 0.18367708333333335 0.2116953125 0.2570625 0.29179687500000007
0 0.10401041666666666 0.1228046875 0.12677083333333333 0.133328125
39 0.027895833333333335 0.19120312499999997 0.023875000000000004 0.05050000000000002
39 0.016916666666666667 0.1552578125 0.03008333333333333 0.017703124999999986
56 0.7535520833333333 0.9314609375 0.48239583333333336 0.11010937500000006
63 0.33248958333333334 0.48752343750000005 0.27189583333333334 0.058078125000000036
39 0.12142708333333334 0.1790234375 0.026229166666666665 0.048234374999999996
39 0.10202083333333332 0.17928906249999998 0.020791666666666653 0.04614062499999996
63 0.21794791666666663 0.3925546875 0.17822916666666663 0.14529687500000005
60 0.4772083333333333 0.31343750000000004 0.3875833333333333 0.14450000000000005
60 0.06679166666666667 0.23134375 0.13358333333333333 0.03609374999999998
