2 0.8526171875 0.26899061032863847 0.059484375000000034 0.03732394366197184
2 0.7543515625 0.2370774647887324 0.028046875000000027 0.02683098591549299
2 0.7145625 0.23623239436619717 0.030312499999999964 0.029366197183098575
2 0.151625 0.2039671361502347 0.029468750000000016 0.030938967136150214
2 0.8318359375 0.2454694835680751 0.019203124999999877 0.01873239436619717
2 0.5882578125 0.22160798122065728 0.023046875000000022 0.016877934272300443
0 0.5815000000000001 0.4337089201877934 0.06093749999999998 0.37079812206572765
0 0.48821875 0.3640492957746479 0.07628124999999997 0.29739436619718307
0 0.39990625 0.37588028169014087 0.06056250000000002 0.29298122065727705
0 0.31606249999999997 0.3727699530516432 0.04078124999999999 0.2846478873239437
0 0.27675000000000005 0.43854460093896713 0.08671875000000001 0.17084507042253516
0 0.9673906250000002 0.2942136150234742 0.02168749999999997 0.07260563380281693
0 0.54759375 0.3957159624413145 0.05096875000000001 0.31039906103286385
0 0.22187499999999996 0.46350938967136146 0.14890624999999996 0.2908215962441314
13 0.2599296875 0.4170422535211268 0.097703125 0.07117370892018776
0 0.3425390625 0.4154694835680751 0.05085937500000004 0.2651643192488262
2 0.8831718749999999 0.2669131455399061 0.04674999999999985 0.04129107981220656
13 0.7456015625000001 0.3424647887323944 0.08854687500000002 0.05408450704225348
13 0.65653125 0.4107511737089202 0.0953750000000001 0.07122065727699528
2 0.6914843749999999 0.23502347417840375 0.028749999999999942 0.027934272300469493
2 0.9532499999999999 0.2776643192488263 0.07334374999999993 0.045046948356807504
2 0.5628828125 0.22725352112676056 0.023859374999999905 0.021032863849765243
2 0.6110312499999999 0.2316079812206573 0.030593749999999975 0.024342723004694866
2 0.7865781249999999 0.2425 0.026812500000000017 0.0270657276995305
0 0.9620234375000001 0.2803286384976526 0.015796875000000044 0.05122065727699532
13 0.8670390625 0.33505868544600936 0.03629687500000012 0.0675352112676057
2 0.8018984375 0.2276995305164319 0.01932812500000003 0.012300469483568055
2 0.6421875 0.2347417840375587 0.703125 0.07981220657276997
