2 0.7514375 0.3512890625 0.19254166666666672 0.09914062500000004
2 0.29328124999999994 0.326453125 0.06635416666666666 0.044499999999999984
2 0.27203125 0.31739062500000004 0.04122916666666665 0.03734375000000001
5 0.4723541666666667 0.326453125 0.28700000000000003 0.19731250000000003
0 0.5336354166666667 0.7587421875 0.5530625 0.46367187500000007
0 0.20043750000000002 0.32475781249999996 0.02270833333333333 0.028671875000000013
0 0.16308333333333333 0.316875 0.01416666666666666 0.029687499999999978
2 0.9883958333333334 0.35382812500000005 0.023208333333333275 0.03484375000000001
0 0.17309375 0.31063281249999997 0.012604166666666666 0.018546875000000018
2 0.3406354166666667 0.3088671875 0.02793749999999995 0.026734375000000032
2 0.2516041666666667 0.3061953125 0.021416666666666667 0.020921875000000034
2 0.30671875 0.3055546875 0.03343750000000001 0.01929687499999999
9 0.026020833333333333 0.2153359375 0.04729166666666666 0.05267187499999998
0 0.53971875 0.3250625 0.04568749999999999 0.021468750000000036
