60 0.18026562499999998 0.8446458333333333 0.0796875 0.10991666666666666
60 0.6503749999999999 0.6920729166666667 0.06015625000000002 0.07435416666666672
0 0.10439062499999999 0.8500208333333333 0.052812499999999984 0.22399999999999998
0 0.3306328125 0.7631770833333333 0.05745312500000005 0.10264583333333333
0 0.6308359374999999 0.6404895833333333 0.010296874999999983 0.03143750000000001
0 0.8275703124999998 0.7393854166666667 0.03307812499999996 0.04139583333333341
0 0.789546875 0.6559895833333333 0.04515625000000001 0.13185416666666672
0 0.14153125 0.3630833333333333 0.018500000000000016 0.027749999999999997
25 0.7532578124999999 0.5278854166666667 0.23514062499999988 0.08635416666666668
25 0.5991093749999999 0.5237395833333334 0.23978125 0.10481250000000003
25 0.47203124999999996 0.6333229166666666 0.31065624999999997 0.14835416666666656
25 0.41219531249999997 0.5106145833333333 0.23307812499999997 0.09977083333333331
25 0.18074218749999998 0.625 0.32432812499999997 0.20720833333333333
56 0.4991953125 0.8897499999999999 0.08451562499999998 0.1409583333333333
56 0.2302578125 0.8357291666666666 0.06460937499999997 0.12587500000000007
56 0.493640625 0.73928125 0.03921874999999997 0.06285416666666666
56 0.61609375 0.7579270833333333 0.04049999999999998 0.08535416666666662
56 0.1331796875 0.7517604166666666 0.04823437500000001 0.05968749999999989
56 0.624578125 0.8880104166666667 0.08256249999999987 0.11793750000000003
0 0.192265625 0.3648958333333333 0.022875000000000006 0.02799999999999997
0 0.7326640624999999 0.61528125 0.03695312499999992 0.09089583333333329
0 0.755203125 0.6090312500000001 0.03918750000000004 0.06947916666666665
0 0.6852734375 0.7158125 0.047890624999999964 0.07191666666666663
0 0.6346093749999999 0.7110833333333333 0.04759374999999999 0.06929166666666664
25 0.2094921875 0.4177395833333333 0.196953125 0.08072916666666669
25 0.37896875 0.43152083333333335 0.20299999999999996 0.08062500000000006
25 0.7420625000000001 0.4120208333333334 0.12403124999999993 0.08933333333333332
25 0.8111171875000001 0.4325625 0.14514062500000002 0.055791666666666684
25 0.9529765625 0.5470208333333333 0.09345312499999991 0.07937500000000008
25 0.5323281249999999 0.44265625 0.19406249999999997 0.06910416666666669
25 0.1947890625 0.4941354166666666 0.23282812499999997 0.08993749999999995
56 0.02784375 0.7933854166666666 0.0368125 0.10497916666666662
56 0.31453125000000004 0.7985625000000001 0.05721875000000004 0.11720833333333325
56 0.627609375 0.6006041666666666 0.040312500000000084 0.04349999999999998
56 0.534828125 0.7393125 0.047843750000000074 0.07295833333333335
56 0.14681249999999998 0.8604270833333333 0.04418749999999999 0.07160416666666669
60 0.1945 0.7277604166666667 0.06465625 0.026395833333333396
60 0.5899062500000001 0.5914583333333334 0.048812500000000036 0.027708333333333335
0 0.9758828125 0.945875 0.04823437500000005 0.10824999999999996
25 0.3965703125 0.2558229166666667 0.22557812500000007 0.10981250000000001
56 0.5316093749999999 0.90071875 0.025937500000000058 0.11202083333333335
0 0.8272265625000002 0.9652604166666666 0.05667187500000004 0.06947916666666676
60 0.3794921875 0.7584479166666667 0.08079687499999999 0.06685416666666666
56 0.534375 0.5770833333333334 0.625 0.575
25 0.47109375 0.46354166666666663 0.9421875 0.3854166666666667
0 0.45546875 0.6333333333333333 0.8984375 0.7291666666666667
