30 0.651828125 0.8513411764705882 0.15953125 0.1552
30 0.3991796875 0.5668588235294119 0.07014062500000001 0.0674117647058824
30 0.3242421875 0.484 0.06117187499999999 0.04239999999999999
30 0.189359375 0.406164705882353 0.06990625 0.029694117647058815
30 0.1329296875 0.37402352941176464 0.037671874999999994 0.020188235294117673
0 0.649890625 0.4977529411764706 0.22831250000000003 0.7078823529411766
0 0.3970625 0.35112941176470586 0.1383125 0.42428235294117644
0 0.046031249999999996 0.2258235294117647 0.03959374999999999 0.1337176470588235
0 0.311625 0.32742352941176467 0.08975 0.30383529411764704
0 0.1265234375 0.2679294117647059 0.05798437499999999 0.23054117647058828
0 0.18793749999999998 0.2849294117647059 0.06987499999999999 0.27108235294117644
0 0.2574140625 0.2955058823529412 0.06417187499999996 0.3033882352941176
24 0.62578125 0.3175882352941176 0.12893750000000004 0.18317647058823525
0 0.879328125 0.18816470588235293 0.016968750000000088 0.0736
0 0.0722109375 0.29819999999999997 0.06998437499999999 0.31837647058823526
0 0.2128828125 0.23265882352941175 0.031609374999999995 0.10832941176470587
0 0.20200781250000002 0.2634823529411765 0.024046875000000023 0.21289411764705884
0 0.0213828125 0.22523529411764703 0.034796875000000005 0.1192705882352941
0 0.9411484375 0.1843764705882353 0.02629687500000011 0.07110588235294116
24 0.313734375 0.2293294117647059 0.042593749999999986 0.10741176470588235
24 0.24307812499999998 0.1946235294117647 0.011218750000000027 0.05983529411764707
24 0.1285625 0.20572941176470588 0.03865625 0.05080000000000001
24 0.17796093750000003 0.23685882352941173 0.03757812499999999 0.03531764705882354
24 0.2094296875 0.21040000000000003 0.028328124999999982 0.036423529411764716
24 0.03984375 0.19492941176470585 0.006624999999999992 0.021294117647058824
24 0.9358046875 0.17365882352941175 0.014265624999999948 0.030705882352941166
24 0.9183281250000002 0.17721176470588235 0.019656250000000042 0.02576470588235294
24 0.8093671874999999 0.18435294117647058 0.007453124999999949 0.029270588235294104
24 0.49062500000000003 0.19411764705882353 0.9625 0.11058823529411765
0 0.59453125 0.19411764705882353 0.8046875 0.13882352941176473
