36 0.423140625 0.7575080385852089 0.10428124999999999 0.11218649517684887
36 0.7450625 0.8208520900321543 0.15484374999999995 0.15327974276527334
36 0.584796875 0.7486012861736335 0.08356249999999998 0.06440514469453384
24 0.3725546875 0.7566077170418006 0.06879687499999998 0.21797427652733115
24 0.5774531249999999 0.6882315112540194 0.025781249999999978 0.09093247588424436
0 0.755109375 0.4363987138263665 0.1517812500000001 0.8696463022508039
0 0.481 0.5471061093247588 0.07131249999999995 0.48758842443729894
0 0.6678671875 0.44893890675241155 0.07251562499999997 0.6869453376205787
0 0.36792187499999995 0.7939710610932476 0.08365625000000004 0.4120578778135049
0 0.2992265625 0.4525884244372991 0.05257812500000003 0.34099678456591637
0 0.6374140625 0.4641639871382637 0.08545312500000002 0.6725080385852089
0 0.2107734375 0.4627170418006431 0.045921875 0.3235691318327974
0 0.231421875 0.4790032154340836 0.022625000000000006 0.2878456591639872
0 0.1804921875 0.48543408360128615 0.045984374999999994 0.27999999999999997
0 0.0876171875 0.5492604501607716 0.03517187499999999 0.1633440514469453
0 0.07047656249999999 0.6733279742765274 0.044109375 0.14112540192926049
36 0.6953437499999999 0.8043890675241158 0.13221874999999994 0.02414790996784566
36 0.5524921875 0.7544855305466238 0.02714062500000003 0.023504823151125454
36 0.20797656250000002 0.6161575562700964 0.05039062500000002 0.0139871382636656
0 0.03827343750000001 0.650225080385852 0.02764062500000001 0.08495176848874608
0 0.3590625 0.4321864951768489 0.07634375000000004 0.3745337620578778
0 0.49921875 0.4887459807073955 0.9984375 0.6366559485530547
